3 4 5 124 124 22 8 121 24 124 124 124 124 124 27 21 124 124 124 124 124 3 124 124 124
3 4 5 11 124 61 20 54 31 58 124 124 124 124 124 23 124 124 7 10 6 12 9 124 124
3 4 5 124 124 22 8 74 24 124 124 124 124 124 28 21 124 124 124 124 124 3 124 124 124
3 4 5 124 124 36 20 41 56 60 124 124 124 124 124 30 124 124 124 124 124 12 124 124 124
3 4 5 124 124 22 8 118 13 124 124 124 124 124 46 21 124 124 124 124 124 3 124 124 124
3 4 5 11 124 33 20 34 13 124 124 124 124 124 124 23 124 124 7 10 6 12 9 124 124
3 4 5 11 124 36 20 41 13 124 124 124 124 124 124 30 124 124 7 124 6 12 124 124 124
3 4 124 26 124 15 8 84 13 124 124 124 124 124 124 124 124 124 7 10 6 25 9 124 124
3 4 5 11 124 59 20 63 13 124 124 124 124 124 124 23 124 124 7 10 6 12 9 124 124
3 4 5 11 124 36 20 41 13 124 124 124 124 124 124 30 124 124 7 124 6 12 124 124 124
3 4 5 124 124 22 8 112 13 124 124 124 124 124 103 21 124 124 124 124 124 3 124 124 124
3 4 5 124 124 22 8 100 13 124 124 124 124 124 38 21 124 124 124 124 124 3 124 124 124
3 4 124 26 124 15 8 85 13 124 124 124 124 124 124 124 124 124 7 10 6 25 9 124 124
3 4 5 11 124 36 20 79 13 124 124 124 124 124 124 23 124 124 7 10 6 12 9 124 124
3 4 5 124 124 22 8 118 13 124 124 124 124 124 46 21 124 124 124 124 124 3 124 124 124
3 4 5 124 124 22 8 66 13 124 124 124 124 124 27 21 124 124 124 124 124 3 124 124 124
3 4 5 124 124 22 8 73 13 124 124 124 124 124 28 21 124 124 124 124 124 3 124 124 124
3 4 5 124 124 22 8 90 24 124 124 124 124 124 27 21 124 124 124 124 124 3 124 124 124
3 4 5 124 124 22 8 116 13 124 124 124 124 124 46 21 124 124 124 124 124 3 124 124 124
3 4 5 11 124 32 20 43 13 124 124 124 124 124 124 30 124 124 7 124 6 12 124 124 124
3 4 5 124 124 22 8 69 13 124 124 124 124 124 28 21 124 124 124 124 124 3 124 124 124
3 4 5 11 124 57 20 55 13 124 124 124 124 124 124 23 124 124 7 10 6 12 9 124 124
3 4 5 11 124 59 20 63 13 124 124 124 124 124 124 23 124 124 7 10 6 12 9 124 124
3 4 124 26 124 15 8 84 13 124 124 124 124 124 124 124 124 124 7 10 6 25 9 124 124
3 4 124 26 124 15 8 89 13 124 124 124 124 124 124 124 124 124 7 10 6 25 9 124 124
3 4 5 124 124 22 8 112 13 124 124 124 124 124 103 21 124 124 124 124 124 3 124 124 124
3 4 5 11 124 32 20 47 13 124 124 124 124 124 124 23 124 124 7 10 6 29 9 124 124
3 4 5 124 124 22 8 106 13 124 124 124 124 124 107 21 124 124 124 124 124 3 124 124 124
3 4 5 11 124 36 20 99 13 124 124 124 124 124 124 23 124 124 7 10 6 12 9 124 124
3 4 5 11 124 51 20 50 13 124 124 124 124 124 124 23 124 124 7 10 6 29 9 124 124
3 4 5 124 124 22 8 76 24 124 124 124 124 124 75 21 124 124 124 124 124 3 124 124 124
3 4 5 124 124 22 8 90 24 124 124 124 124 124 27 21 124 124 124 124 124 3 124 124 124
3 4 5 11 124 32 20 47 13 124 124 124 124 124 124 23 124 124 7 10 6 29 9 124 124
3 4 5 11 124 57 20 55 13 124 124 124 124 124 124 23 124 124 7 10 6 12 9 124 124
3 4 5 124 124 22 8 101 13 124 124 124 124 124 27 21 124 124 124 124 124 3 124 124 124
3 4 124 26 124 15 8 91 13 124 124 124 124 124 124 124 124 124 7 10 6 25 9 124 124
3 4 5 124 124 22 8 119 24 124 124 124 124 124 27 21 124 124 124 124 124 3 124 124 124
3 4 5 11 124 93 20 94 13 124 124 124 124 124 124 23 124 124 7 10 6 12 9 124 124
3 4 5 11 124 57 20 55 13 124 124 124 124 124 124 23 124 124 7 10 6 12 9 124 124
3 4 5 11 124 64 20 62 13 124 124 124 124 124 124 23 124 124 7 10 6 12 9 124 124
3 4 5 124 124 22 8 112 13 124 124 124 124 124 103 21 124 124 124 124 124 3 124 124 124
3 4 5 124 124 22 8 120 24 124 124 124 124 124 42 21 124 124 124 124 124 3 124 124 124
3 4 5 124 124 22 8 112 13 124 124 124 124 124 103 21 124 124 124 124 124 3 124 124 124
3 4 5 124 124 22 8 74 24 124 124 124 124 124 28 21 124 124 124 124 124 3 124 124 124
3 4 5 124 124 22 8 74 24 124 124 124 124 124 28 21 124 124 124 124 124 3 124 124 124
3 4 5 11 124 33 20 34 13 124 124 124 124 124 124 23 124 124 7 10 6 12 9 124 124
3 4 5 124 124 22 8 116 13 124 124 124 124 124 46 21 124 124 124 124 124 3 124 124 124
3 4 5 11 124 36 20 99 13 124 124 124 124 124 124 23 124 124 7 10 6 12 9 124 124
3 4 5 11 124 36 20 41 13 124 124 124 124 124 124 30 124 124 7 124 6 12 124 124 124
3 4 5 124 124 22 8 106 13 124 124 124 124 124 107 21 124 124 124 124 124 3 124 124 124
3 4 5 11 124 35 20 37 13 124 124 124 124 124 124 23 124 124 7 10 6 12 9 124 124
3 4 5 11 124 36 20 79 13 124 124 124 124 124 124 23 124 124 7 10 6 12 9 124 124
3 4 5 124 124 22 8 121 24 124 124 124 124 124 27 21 124 124 124 124 124 3 124 124 124
3 4 5 11 124 36 20 99 13 124 124 124 124 124 124 23 124 124 7 10 6 12 9 124 124
3 4 124 26 124 15 8 92 13 124 124 124 124 124 124 124 124 124 7 10 6 25 9 124 124
3 4 5 124 124 22 8 80 13 124 124 124 124 124 28 21 124 124 124 124 124 3 124 124 124
3 4 5 124 124 22 8 81 13 124 124 124 124 124 27 21 124 124 124 124 124 3 124 124 124
3 4 5 124 124 22 8 119 24 124 124 124 124 124 27 21 124 124 124 124 124 3 124 124 124
3 4 5 11 124 33 20 34 13 124 124 124 124 124 124 23 124 124 7 10 6 12 9 124 124
3 4 5 124 124 36 20 41 56 60 124 124 124 124 124 30 124 124 124 124 124 12 124 124 124
3 4 5 124 124 22 8 83 13 124 124 124 124 124 38 21 124 124 124 124 124 3 124 124 124
3 4 5 124 124 22 8 121 24 124 124 124 124 124 27 21 124 124 124 124 124 3 124 124 124
3 4 5 11 124 51 20 50 13 124 124 124 124 124 124 23 124 124 7 10 6 29 9 124 124
3 4 5 11 124 32 20 47 13 124 124 124 124 124 124 23 124 124 7 10 6 29 9 124 124
3 4 5 11 124 36 20 41 13 124 124 124 124 124 124 30 124 124 7 124 6 12 124 124 124
3 4 5 124 124 22 8 108 13 124 124 124 124 124 109 21 124 124 124 124 124 3 124 124 124
3 4 5 11 124 51 20 50 13 124 124 124 124 124 124 23 124 124 7 10 6 29 9 124 124
3 4 5 11 124 33 20 34 13 124 124 124 124 124 124 30 124 124 7 124 6 12 124 124 124
3 4 5 11 124 97 20 98 13 124 124 124 124 124 124 23 124 124 7 10 6 12 9 124 124
3 4 5 124 124 22 8 114 24 124 124 124 124 124 124 21 124 124 124 124 124 3 124 124 124
3 4 5 124 124 22 8 101 13 124 124 124 124 124 27 21 124 124 124 124 124 3 124 124 124
3 4 5 11 124 52 20 49 31 48 124 124 124 124 124 23 124 124 7 10 6 12 9 124 124
3 4 124 26 124 15 8 91 13 124 124 124 124 124 124 124 124 124 7 10 6 25 9 124 124
3 4 5 11 124 35 20 37 13 124 124 124 124 124 124 23 124 124 7 10 6 12 9 124 124
3 4 5 11 124 93 20 94 13 124 124 124 124 124 124 23 124 124 7 10 6 12 9 124 124
3 4 5 124 124 22 8 119 24 124 124 124 124 124 27 21 124 124 124 124 124 3 124 124 124
3 4 5 11 124 40 20 53 13 124 124 124 124 124 124 23 124 124 7 10 6 12 9 124 124
3 4 5 11 124 45 20 44 13 124 124 124 124 124 124 23 124 124 7 10 6 29 9 124 124
3 4 5 124 124 22 8 66 13 124 124 124 124 124 27 21 124 124 124 124 124 3 124 124 124
3 4 5 11 124 36 20 41 13 124 124 124 124 124 124 30 124 124 7 124 6 12 124 124 124
3 4 5 124 124 22 8 74 24 124 124 124 124 124 28 21 124 124 124 124 124 3 124 124 124
3 4 5 124 124 22 8 116 13 124 124 124 124 124 46 21 124 124 124 124 124 3 124 124 124
3 4 5 124 124 22 8 78 13 124 124 124 124 124 27 21 124 124 124 124 124 3 124 124 124
3 4 5 124 124 32 20 43 56 60 124 124 124 124 124 30 124 124 124 124 124 12 124 124 124
3 4 5 124 124 22 8 66 13 124 124 124 124 124 27 21 124 124 124 124 124 3 124 124 124
3 4 124 26 124 15 8 84 13 124 124 124 124 124 124 124 124 124 7 10 6 25 9 124 124
3 4 124 26 124 15 8 92 13 124 124 124 124 124 124 124 124 124 7 10 6 25 9 124 124
3 4 5 124 124 22 8 122 24 124 124 124 124 124 28 21 124 124 124 124 124 3 124 124 124
3 4 5 11 124 59 20 63 13 124 124 124 124 124 124 23 124 124 7 10 6 12 9 124 124
3 4 5 11 124 65 20 39 13 124 124 124 124 124 124 23 124 124 7 10 6 12 9 124 124
3 4 5 124 124 22 8 76 24 124 124 124 124 124 75 21 124 124 124 124 124 3 124 124 124
3 4 5 124 124 22 8 110 13 124 124 124 124 124 111 21 124 124 124 124 124 3 124 124 124
3 4 5 124 124 22 8 108 13 124 124 124 124 124 109 21 124 124 124 124 124 3 124 124 124
3 4 5 11 124 64 20 62 13 124 124 124 124 124 124 23 124 124 7 10 6 12 9 124 124
3 4 5 124 124 22 8 123 13 124 124 124 124 124 28 21 124 124 124 124 124 3 124 124 124
3 4 5 11 124 32 20 47 13 124 124 124 124 124 124 23 124 124 7 10 6 29 9 124 124
3 4 5 124 124 22 8 68 24 124 124 124 124 124 67 21 124 124 124 124 124 3 124 124 124
3 4 5 11 124 61 20 54 31 58 124 124 124 124 124 23 124 124 7 10 6 12 9 124 124
3 4 5 11 124 52 20 49 31 48 124 124 124 124 124 23 124 124 7 10 6 12 9 124 124
3 4 5 11 124 35 20 37 13 124 124 124 124 124 124 23 124 124 7 10 6 12 9 124 124
3 4 124 26 124 15 8 92 13 124 124 124 124 124 124 124 124 124 7 10 6 25 9 124 124
3 4 5 124 124 22 8 78 13 124 124 124 124 124 27 21 124 124 124 124 124 3 124 124 124
3 4 5 11 124 52 20 49 31 48 124 124 124 124 124 23 124 124 7 10 6 12 9 124 124
3 4 5 11 124 35 20 37 13 124 124 124 124 124 124 23 124 124 7 10 6 12 9 124 124
3 4 5 11 124 40 20 53 13 124 124 124 124 124 124 23 124 124 7 10 6 12 9 124 124
3 4 5 124 124 22 8 114 24 124 124 124 124 124 124 21 124 124 124 124 124 3 124 124 124
3 4 5 11 124 33 20 34 13 124 124 124 124 124 124 23 124 124 7 10 6 12 9 124 124
3 4 5 124 124 22 8 110 13 124 124 124 124 124 111 21 124 124 124 124 124 3 124 124 124
3 4 5 11 124 65 20 39 13 124 124 124 124 124 124 23 124 124 7 10 6 12 9 124 124
3 4 5 11 124 59 20 63 13 124 124 124 124 124 124 23 124 124 7 10 6 12 9 124 124
3 4 5 124 124 22 8 83 13 124 124 124 124 124 38 21 124 124 124 124 124 3 124 124 124
3 4 5 11 124 64 20 62 13 124 124 124 124 124 124 23 124 124 7 10 6 12 9 124 124
3 4 5 11 124 51 20 50 13 124 124 124 124 124 124 23 124 124 7 10 6 29 9 124 124
3 4 5 11 124 32 20 43 13 124 124 124 124 124 124 30 124 124 7 124 6 12 124 124 124
3 4 5 11 124 35 20 37 13 124 124 124 124 124 124 23 124 124 7 10 6 12 9 124 124
3 4 5 11 124 61 20 54 31 58 124 124 124 124 124 23 124 124 7 10 6 12 9 124 124
3 4 5 124 124 22 8 70 13 124 124 124 124 124 38 21 124 124 124 124 124 3 124 124 124
3 4 5 124 124 22 8 119 24 124 124 124 124 124 27 21 124 124 124 124 124 3 124 124 124
3 4 5 11 124 32 20 47 13 124 124 124 124 124 124 23 124 124 7 10 6 29 9 124 124
3 4 5 11 124 36 20 41 13 124 124 124 124 124 124 30 124 124 7 124 6 12 124 124 124
3 4 5 11 124 65 20 39 13 124 124 124 124 124 124 23 124 124 7 10 6 12 9 124 124
3 4 5 124 124 22 8 80 13 124 124 124 124 124 28 21 124 124 124 124 124 3 124 124 124
3 4 124 26 124 15 8 89 13 124 124 124 124 124 124 124 124 124 7 10 6 25 9 124 124
3 4 5 124 124 22 8 102 13 124 124 124 124 124 27 21 124 124 124 124 124 3 124 124 124
3 4 5 11 124 51 20 50 13 124 124 124 124 124 124 23 124 124 7 10 6 29 9 124 124
3 4 5 11 124 33 20 34 13 124 124 124 124 124 124 30 124 124 7 124 6 12 124 124 124
3 4 5 11 124 59 20 63 13 124 124 124 124 124 124 23 124 124 7 10 6 12 9 124 124
3 4 124 26 124 15 8 115 13 124 124 124 124 124 124 124 124 124 7 10 6 25 9 124 124
3 4 5 11 124 35 20 37 13 124 124 124 124 124 124 23 124 124 7 10 6 12 9 124 124
3 4 5 11 124 40 20 53 13 124 124 124 124 124 124 23 124 124 7 10 6 12 9 124 124
3 4 5 11 124 95 20 96 13 124 124 124 124 124 124 23 124 124 7 10 6 12 9 124 124
3 4 124 26 124 15 8 87 13 124 124 124 124 124 124 124 124 124 7 10 6 25 9 124 124
3 4 5 124 124 22 8 114 24 124 124 124 124 124 124 21 124 124 124 124 124 3 124 124 124
3 4 5 11 124 61 20 54 31 58 124 124 124 124 124 23 124 124 7 10 6 12 9 124 124
3 4 5 11 124 32 20 47 13 124 124 124 124 124 124 23 124 124 7 10 6 29 9 124 124
3 4 5 124 124 22 8 72 13 124 124 124 124 124 28 21 124 124 124 124 124 3 124 124 124
3 4 5 11 124 61 20 54 31 58 124 124 124 124 124 23 124 124 7 10 6 12 9 124 124
3 4 5 124 124 22 8 113 13 124 124 124 124 124 77 21 124 124 124 124 124 3 124 124 124
3 4 5 11 124 64 20 62 13 124 124 124 124 124 124 23 124 124 7 10 6 12 9 124 124
3 4 5 11 124 59 20 63 13 124 124 124 124 124 124 23 124 124 7 10 6 12 9 124 124
3 4 5 11 124 93 20 94 13 124 124 124 124 124 124 23 124 124 7 10 6 12 9 124 124
3 4 124 26 124 15 8 88 13 124 124 124 124 124 124 124 124 124 7 10 6 25 9 124 124
3 4 124 26 124 15 8 87 13 124 124 124 124 124 124 124 124 124 7 10 6 25 9 124 124
3 4 5 124 124 22 8 123 13 124 124 124 124 124 28 21 124 124 124 124 124 3 124 124 124
3 4 5 124 124 22 8 80 13 124 124 124 124 124 28 21 124 124 124 124 124 3 124 124 124
3 4 5 124 124 22 8 120 24 124 124 124 124 124 42 21 124 124 124 124 124 3 124 124 124
3 4 124 26 124 15 8 115 13 124 124 124 124 124 124 124 124 124 7 10 6 25 9 124 124
3 4 5 124 124 22 8 117 13 124 124 124 124 124 38 21 124 124 124 124 124 3 124 124 124
3 4 5 11 124 45 20 44 13 124 124 124 124 124 124 23 124 124 7 10 6 29 9 124 124
3 4 5 124 124 22 8 119 24 124 124 124 124 124 27 21 124 124 124 124 124 3 124 124 124
3 4 5 124 124 22 8 108 13 124 124 124 124 124 109 21 124 124 124 124 124 3 124 124 124
3 4 5 11 124 57 20 55 13 124 124 124 124 124 124 23 124 124 7 10 6 12 9 124 124
3 4 5 124 124 22 8 82 13 124 124 124 124 124 27 21 124 124 124 124 124 3 124 124 124
3 4 5 11 124 36 20 99 13 124 124 124 124 124 124 23 124 124 7 10 6 12 9 124 124
3 4 5 124 124 22 8 113 13 124 124 124 124 124 77 21 124 124 124 124 124 3 124 124 124
3 4 5 124 124 22 8 102 13 124 124 124 124 124 27 21 124 124 124 124 124 3 124 124 124
3 4 5 11 124 35 20 37 13 124 124 124 124 124 124 23 124 124 7 10 6 12 9 124 124
3 4 5 124 124 22 8 76 24 124 124 124 124 124 75 21 124 124 124 124 124 3 124 124 124
3 4 5 124 124 22 8 74 24 124 124 124 124 124 28 21 124 124 124 124 124 3 124 124 124
3 4 5 11 124 32 20 43 13 124 124 124 124 124 124 30 124 124 7 124 6 12 124 124 124
3 4 5 11 124 95 20 96 13 124 124 124 124 124 124 23 124 124 7 10 6 12 9 124 124
3 4 5 124 124 22 8 104 13 124 124 124 124 124 105 21 124 124 124 124 124 3 124 124 124
3 4 5 11 124 59 20 63 13 124 124 124 124 124 124 23 124 124 7 10 6 12 9 124 124
3 4 5 124 124 22 8 117 13 124 124 124 124 124 38 21 124 124 124 124 124 3 124 124 124
3 4 124 26 124 15 8 85 13 124 124 124 124 124 124 124 124 124 7 10 6 25 9 124 124
3 4 5 124 124 22 8 100 13 124 124 124 124 124 38 21 124 124 124 124 124 3 124 124 124
3 4 124 26 124 15 8 85 13 124 124 124 124 124 124 124 124 124 7 10 6 25 9 124 124
3 4 5 124 124 22 8 101 13 124 124 124 124 124 27 21 124 124 124 124 124 3 124 124 124
3 4 5 11 124 36 20 99 13 124 124 124 124 124 124 23 124 124 7 10 6 12 9 124 124
3 4 5 124 124 22 8 74 24 124 124 124 124 124 28 21 124 124 124 124 124 3 124 124 124
3 4 5 11 124 33 20 34 13 124 124 124 124 124 124 23 124 124 7 10 6 12 9 124 124
3 4 5 11 124 32 20 47 13 124 124 124 124 124 124 23 124 124 7 10 6 29 9 124 124
3 4 5 11 124 35 20 37 13 124 124 124 124 124 124 23 124 124 7 10 6 12 9 124 124
3 4 5 11 124 33 20 34 13 124 124 124 124 124 124 23 124 124 7 10 6 12 9 124 124
3 4 5 11 124 57 20 55 13 124 124 124 124 124 124 23 124 124 7 10 6 12 9 124 124
3 4 5 124 124 36 20 41 56 60 124 124 124 124 124 30 124 124 124 124 124 12 124 124 124
3 4 5 11 124 64 20 62 13 124 124 124 124 124 124 23 124 124 7 10 6 12 9 124 124
3 4 5 11 124 35 20 37 13 124 124 124 124 124 124 23 124 124 7 10 6 12 9 124 124
3 4 5 124 124 32 20 43 56 60 124 124 124 124 124 30 124 124 124 124 124 12 124 124 124
3 4 5 124 124 22 8 74 24 124 124 124 124 124 28 21 124 124 124 124 124 3 124 124 124
3 4 124 26 124 15 8 86 13 124 124 124 124 124 124 124 124 124 7 10 6 25 9 124 124
3 4 5 11 124 36 20 79 13 124 124 124 124 124 124 23 124 124 7 10 6 12 9 124 124
3 4 5 124 124 22 8 110 13 124 124 124 124 124 111 21 124 124 124 124 124 3 124 124 124
3 4 124 26 124 15 8 92 13 124 124 124 124 124 124 124 124 124 7 10 6 25 9 124 124
3 4 5 124 124 22 8 69 13 124 124 124 124 124 28 21 124 124 124 124 124 3 124 124 124
3 4 124 26 124 15 8 85 13 124 124 124 124 124 124 124 124 124 7 10 6 25 9 124 124
3 4 5 124 124 22 8 78 13 124 124 124 124 124 27 21 124 124 124 124 124 3 124 124 124
3 4 5 124 124 22 8 83 13 124 124 124 124 124 38 21 124 124 124 124 124 3 124 124 124
3 4 5 11 124 35 20 37 13 124 124 124 124 124 124 23 124 124 7 10 6 12 9 124 124
3 4 5 11 124 57 20 55 13 124 124 124 124 124 124 23 124 124 7 10 6 12 9 124 124
3 4 5 124 124 22 8 100 13 124 124 124 124 124 38 21 124 124 124 124 124 3 124 124 124
3 4 5 124 124 22 8 104 13 124 124 124 124 124 105 21 124 124 124 124 124 3 124 124 124
3 4 5 124 124 22 8 117 13 124 124 124 124 124 38 21 124 124 124 124 124 3 124 124 124
3 4 5 124 124 22 8 114 24 124 124 124 124 124 124 21 124 124 124 124 124 3 124 124 124
3 4 5 11 124 40 20 53 13 124 124 124 124 124 124 23 124 124 7 10 6 12 9 124 124
3 4 5 124 124 22 8 100 13 124 124 124 124 124 38 21 124 124 124 124 124 3 124 124 124
3 4 5 124 124 36 20 41 56 60 124 124 124 124 124 30 124 124 124 124 124 12 124 124 124
3 4 5 124 124 22 8 78 13 124 124 124 124 124 27 21 124 124 124 124 124 3 124 124 124
3 4 5 124 124 32 20 43 56 60 124 124 124 124 124 30 124 124 124 124 124 12 124 124 124
3 4 124 26 124 15 8 85 13 124 124 124 124 124 124 124 124 124 7 10 6 25 9 124 124
3 4 5 124 124 22 8 69 13 124 124 124 124 124 28 21 124 124 124 124 124 3 124 124 124
3 4 5 124 124 22 8 113 13 124 124 124 124 124 77 21 124 124 124 124 124 3 124 124 124
3 4 5 124 124 22 8 90 24 124 124 124 124 124 27 21 124 124 124 124 124 3 124 124 124
3 4 5 11 124 97 20 98 13 124 124 124 124 124 124 23 124 124 7 10 6 12 9 124 124
3 4 5 11 124 51 20 50 13 124 124 124 124 124 124 23 124 124 7 10 6 29 9 124 124
3 4 124 26 124 15 8 86 13 124 124 124 124 124 124 124 124 124 7 10 6 25 9 124 124
3 4 5 11 124 36 20 41 13 124 124 124 124 124 124 30 124 124 7 124 6 12 124 124 124
3 4 5 124 124 22 8 101 13 124 124 124 124 124 27 21 124 124 124 124 124 3 124 124 124
3 4 5 11 124 51 20 50 13 124 124 124 124 124 124 23 124 124 7 10 6 29 9 124 124
3 4 5 11 124 32 20 47 13 124 124 124 124 124 124 23 124 124 7 10 6 29 9 124 124
3 4 124 26 124 15 8 89 13 124 124 124 124 124 124 124 124 124 7 10 6 25 9 124 124
3 4 5 124 124 22 8 122 24 124 124 124 124 124 28 21 124 124 124 124 124 3 124 124 124
3 4 5 11 124 52 20 49 31 48 124 124 124 124 124 23 124 124 7 10 6 12 9 124 124
3 4 5 124 124 22 8 100 13 124 124 124 124 124 38 21 124 124 124 124 124 3 124 124 124
3 4 5 11 124 35 20 37 13 124 124 124 124 124 124 23 124 124 7 10 6 12 9 124 124
3 4 5 124 124 22 8 106 13 124 124 124 124 124 107 21 124 124 124 124 124 3 124 124 124
3 4 5 11 124 93 20 94 13 124 124 124 124 124 124 23 124 124 7 10 6 12 9 124 124
3 4 5 124 124 22 8 123 13 124 124 124 124 124 28 21 124 124 124 124 124 3 124 124 124
3 4 5 124 124 22 8 112 13 124 124 124 124 124 103 21 124 124 124 124 124 3 124 124 124
3 4 5 124 124 22 8 112 13 124 124 124 124 124 103 21 124 124 124 124 124 3 124 124 124
3 4 5 124 124 22 8 122 24 124 124 124 124 124 28 21 124 124 124 124 124 3 124 124 124
3 4 5 124 124 22 8 114 24 124 124 124 124 124 124 21 124 124 124 124 124 3 124 124 124
3 4 5 11 124 52 20 49 31 48 124 124 124 124 124 23 124 124 7 10 6 12 9 124 124
3 4 5 11 124 64 20 62 13 124 124 124 124 124 124 23 124 124 7 10 6 12 9 124 124
3 4 5 11 124 33 20 34 13 124 124 124 124 124 124 23 124 124 7 10 6 12 9 124 124
3 4 5 124 124 22 8 72 13 124 124 124 124 124 28 21 124 124 124 124 124 3 124 124 124
3 4 5 11 124 97 20 98 13 124 124 124 124 124 124 23 124 124 7 10 6 12 9 124 124
3 4 5 11 124 51 20 50 13 124 124 124 124 124 124 23 124 124 7 10 6 29 9 124 124
3 4 5 124 124 22 8 72 13 124 124 124 124 124 28 21 124 124 124 124 124 3 124 124 124
3 4 5 124 124 22 8 78 13 124 124 124 124 124 27 21 124 124 124 124 124 3 124 124 124
3 4 124 26 124 15 8 84 13 124 124 124 124 124 124 124 124 124 7 10 6 25 9 124 124
3 4 5 124 124 22 8 83 13 124 124 124 124 124 38 21 124 124 124 124 124 3 124 124 124
3 4 5 124 124 22 8 106 13 124 124 124 124 124 107 21 124 124 124 124 124 3 124 124 124
3 4 5 124 124 22 8 101 13 124 124 124 124 124 27 21 124 124 124 124 124 3 124 124 124
3 4 124 26 124 15 8 115 13 124 124 124 124 124 124 124 124 124 7 10 6 25 9 124 124
3 4 124 26 124 15 8 87 13 124 124 124 124 124 124 124 124 124 7 10 6 25 9 124 124
3 4 5 124 124 22 8 110 13 124 124 124 124 124 111 21 124 124 124 124 124 3 124 124 124
3 4 5 124 124 22 8 90 24 124 124 124 124 124 27 21 124 124 124 124 124 3 124 124 124
3 4 5 124 124 22 8 113 13 124 124 124 124 124 77 21 124 124 124 124 124 3 124 124 124
3 4 124 26 124 15 8 115 13 124 124 124 124 124 124 124 124 124 7 10 6 25 9 124 124
3 4 5 11 124 51 20 50 13 124 124 124 124 124 124 23 124 124 7 10 6 29 9 124 124
3 4 5 11 124 33 20 34 13 124 124 124 124 124 124 30 124 124 7 124 6 12 124 124 124
3 4 5 11 124 93 20 94 13 124 124 124 124 124 124 23 124 124 7 10 6 12 9 124 124
3 4 5 124 124 22 8 118 13 124 124 124 124 124 46 21 124 124 124 124 124 3 124 124 124
3 4 5 11 124 40 20 53 13 124 124 124 124 124 124 23 124 124 7 10 6 12 9 124 124
3 4 5 11 124 40 20 53 13 124 124 124 124 124 124 23 124 124 7 10 6 12 9 124 124
3 4 124 26 124 15 8 84 13 124 124 124 124 124 124 124 124 124 7 10 6 25 9 124 124
3 4 124 26 124 15 8 91 13 124 124 124 124 124 124 124 124 124 7 10 6 25 9 124 124
3 4 5 124 124 22 8 70 13 124 124 124 124 124 38 21 124 124 124 124 124 3 124 124 124
3 4 5 11 124 35 20 37 13 124 124 124 124 124 124 23 124 124 7 10 6 12 9 124 124
3 4 5 11 124 59 20 63 13 124 124 124 124 124 124 23 124 124 7 10 6 12 9 124 124
3 4 124 26 124 15 8 88 13 124 124 124 124 124 124 124 124 124 7 10 6 25 9 124 124
3 4 5 124 124 22 8 80 13 124 124 124 124 124 28 21 124 124 124 124 124 3 124 124 124
3 4 124 26 124 15 8 92 13 124 124 124 124 124 124 124 124 124 7 10 6 25 9 124 124
3 4 5 11 124 95 20 96 13 124 124 124 124 124 124 23 124 124 7 10 6 12 9 124 124
3 4 5 124 124 22 8 82 13 124 124 124 124 124 27 21 124 124 124 124 124 3 124 124 124
3 4 124 26 124 15 8 91 13 124 124 124 124 124 124 124 124 124 7 10 6 25 9 124 124
3 4 124 26 124 15 8 91 13 124 124 124 124 124 124 124 124 124 7 10 6 25 9 124 124
3 4 5 124 124 22 8 90 24 124 124 124 124 124 27 21 124 124 124 124 124 3 124 124 124
3 4 5 11 124 51 20 50 13 124 124 124 124 124 124 23 124 124 7 10 6 29 9 124 124
3 4 5 124 124 22 8 112 13 124 124 124 124 124 103 21 124 124 124 124 124 3 124 124 124
3 4 5 124 124 22 8 71 24 124 124 124 124 124 42 21 124 124 124 124 124 3 124 124 124
3 4 5 124 124 22 8 121 24 124 124 124 124 124 27 21 124 124 124 124 124 3 124 124 124
3 4 5 124 124 22 8 70 13 124 124 124 124 124 38 21 124 124 124 124 124 3 124 124 124
3 4 5 11 124 65 20 39 13 124 124 124 124 124 124 23 124 124 7 10 6 12 9 124 124
3 4 5 124 124 22 8 70 13 124 124 124 124 124 38 21 124 124 124 124 124 3 124 124 124
3 4 5 124 124 22 8 118 13 124 124 124 124 124 46 21 124 124 124 124 124 3 124 124 124
3 4 5 124 124 22 8 108 13 124 124 124 124 124 109 21 124 124 124 124 124 3 124 124 124
3 4 5 124 124 22 8 116 13 124 124 124 124 124 46 21 124 124 124 124 124 3 124 124 124
3 4 5 11 124 65 20 39 13 124 124 124 124 124 124 23 124 124 7 10 6 12 9 124 124
3 4 5 124 124 22 8 108 13 124 124 124 124 124 109 21 124 124 124 124 124 3 124 124 124
3 4 5 124 124 22 8 78 13 124 124 124 124 124 27 21 124 124 124 124 124 3 124 124 124
3 4 5 124 124 22 8 102 13 124 124 124 124 124 27 21 124 124 124 124 124 3 124 124 124
3 4 124 26 124 15 8 85 13 124 124 124 124 124 124 124 124 124 7 10 6 25 9 124 124
3 4 5 124 124 22 8 90 24 124 124 124 124 124 27 21 124 124 124 124 124 3 124 124 124
3 4 5 11 124 97 20 98 13 124 124 124 124 124 124 23 124 124 7 10 6 12 9 124 124
3 4 5 124 124 22 8 117 13 124 124 124 124 124 38 21 124 124 124 124 124 3 124 124 124
3 4 5 11 124 57 20 55 13 124 124 124 124 124 124 23 124 124 7 10 6 12 9 124 124
3 4 5 124 124 22 8 66 13 124 124 124 124 124 27 21 124 124 124 124 124 3 124 124 124
3 4 5 124 124 22 8 118 13 124 124 124 124 124 46 21 124 124 124 124 124 3 124 124 124
3 4 5 124 124 22 8 118 13 124 124 124 124 124 46 21 124 124 124 124 124 3 124 124 124
3 4 124 26 124 15 8 86 13 124 124 124 124 124 124 124 124 124 7 10 6 25 9 124 124
3 4 5 124 124 22 8 101 13 124 124 124 124 124 27 21 124 124 124 124 124 3 124 124 124
3 4 124 26 124 15 8 92 13 124 124 124 124 124 124 124 124 124 7 10 6 25 9 124 124
3 4 5 11 124 35 20 37 13 124 124 124 124 124 124 23 124 124 7 10 6 12 9 124 124
3 4 124 26 124 15 8 91 13 124 124 124 124 124 124 124 124 124 7 10 6 25 9 124 124
3 4 5 11 124 36 20 79 13 124 124 124 124 124 124 23 124 124 7 10 6 12 9 124 124
3 4 5 11 124 57 20 55 13 124 124 124 124 124 124 23 124 124 7 10 6 12 9 124 124
3 4 5 11 124 33 20 34 13 124 124 124 124 124 124 23 124 124 7 10 6 12 9 124 124
3 4 5 124 124 22 8 68 24 124 124 124 124 124 67 21 124 124 124 124 124 3 124 124 124
3 4 5 11 124 59 20 63 13 124 124 124 124 124 124 23 124 124 7 10 6 12 9 124 124
3 4 5 11 124 35 20 37 13 124 124 124 124 124 124 23 124 124 7 10 6 12 9 124 124
3 4 5 11 124 32 20 47 13 124 124 124 124 124 124 23 124 124 7 10 6 29 9 124 124
3 4 5 124 124 22 8 122 24 124 124 124 124 124 28 21 124 124 124 124 124 3 124 124 124
3 4 5 11 124 52 20 49 31 48 124 124 124 124 124 23 124 124 7 10 6 12 9 124 124
3 4 5 11 124 36 20 79 13 124 124 124 124 124 124 23 124 124 7 10 6 12 9 124 124
3 4 5 124 124 22 8 73 13 124 124 124 124 124 28 21 124 124 124 124 124 3 124 124 124
3 4 5 11 124 40 20 53 13 124 124 124 124 124 124 23 124 124 7 10 6 12 9 124 124
3 4 5 11 124 57 20 55 13 124 124 124 124 124 124 23 124 124 7 10 6 12 9 124 124
3 4 5 124 124 22 8 123 13 124 124 124 124 124 28 21 124 124 124 124 124 3 124 124 124
3 4 5 11 124 64 20 62 13 124 124 124 124 124 124 23 124 124 7 10 6 12 9 124 124
3 4 5 124 124 22 8 114 24 124 124 124 124 124 124 21 124 124 124 124 124 3 124 124 124
3 4 5 124 124 22 8 106 13 124 124 124 124 124 107 21 124 124 124 124 124 3 124 124 124
3 4 5 124 124 22 8 66 13 124 124 124 124 124 27 21 124 124 124 124 124 3 124 124 124
3 4 124 26 124 15 8 87 13 124 124 124 124 124 124 124 124 124 7 10 6 25 9 124 124
3 4 5 11 124 32 20 43 13 124 124 124 124 124 124 30 124 124 7 124 6 12 124 124 124
3 4 5 124 124 22 8 104 13 124 124 124 124 124 105 21 124 124 124 124 124 3 124 124 124
3 4 5 124 124 22 8 73 13 124 124 124 124 124 28 21 124 124 124 124 124 3 124 124 124
3 4 5 124 124 22 8 123 13 124 124 124 124 124 28 21 124 124 124 124 124 3 124 124 124
3 4 5 124 124 22 8 66 13 124 124 124 124 124 27 21 124 124 124 124 124 3 124 124 124
3 4 5 124 124 22 8 82 13 124 124 124 124 124 27 21 124 124 124 124 124 3 124 124 124
3 4 5 11 124 32 20 47 13 124 124 124 124 124 124 23 124 124 7 10 6 29 9 124 124
3 4 5 11 124 52 20 49 31 48 124 124 124 124 124 23 124 124 7 10 6 12 9 124 124
3 4 5 124 124 22 8 71 24 124 124 124 124 124 42 21 124 124 124 124 124 3 124 124 124
3 4 5 11 124 65 20 39 13 124 124 124 124 124 124 23 124 124 7 10 6 12 9 124 124
3 4 5 11 124 61 20 54 31 58 124 124 124 124 124 23 124 124 7 10 6 12 9 124 124
3 4 5 11 124 64 20 62 13 124 124 124 124 124 124 23 124 124 7 10 6 12 9 124 124
3 4 5 11 124 97 20 98 13 124 124 124 124 124 124 23 124 124 7 10 6 12 9 124 124
3 4 5 11 124 93 20 94 13 124 124 124 124 124 124 23 124 124 7 10 6 12 9 124 124
3 4 5 11 124 45 20 44 13 124 124 124 124 124 124 23 124 124 7 10 6 29 9 124 124
3 4 124 26 124 15 8 89 13 124 124 124 124 124 124 124 124 124 7 10 6 25 9 124 124
3 4 124 26 124 15 8 89 13 124 124 124 124 124 124 124 124 124 7 10 6 25 9 124 124
3 4 5 11 124 36 20 99 13 124 124 124 124 124 124 23 124 124 7 10 6 12 9 124 124
3 4 124 26 124 15 8 92 13 124 124 124 124 124 124 124 124 124 7 10 6 25 9 124 124
3 4 5 11 124 52 20 49 31 48 124 124 124 124 124 23 124 124 7 10 6 12 9 124 124
3 4 5 124 124 22 8 121 24 124 124 124 124 124 27 21 124 124 124 124 124 3 124 124 124
3 4 5 124 124 22 8 121 24 124 124 124 124 124 27 21 124 124 124 124 124 3 124 124 124
3 4 5 124 124 22 8 80 13 124 124 124 124 124 28 21 124 124 124 124 124 3 124 124 124
3 4 5 11 124 45 20 44 13 124 124 124 124 124 124 23 124 124 7 10 6 29 9 124 124
3 4 5 11 124 35 20 37 13 124 124 124 124 124 124 23 124 124 7 10 6 12 9 124 124
3 4 5 11 124 32 20 43 13 124 124 124 124 124 124 30 124 124 7 124 6 12 124 124 124
3 4 5 11 124 52 20 49 31 48 124 124 124 124 124 23 124 124 7 10 6 12 9 124 124
3 4 124 26 124 15 8 88 13 124 124 124 124 124 124 124 124 124 7 10 6 25 9 124 124
3 4 5 124 124 22 8 69 13 124 124 124 124 124 28 21 124 124 124 124 124 3 124 124 124
3 4 5 124 124 22 8 122 24 124 124 124 124 124 28 21 124 124 124 124 124 3 124 124 124
3 4 5 124 124 22 8 113 13 124 124 124 124 124 77 21 124 124 124 124 124 3 124 124 124
3 4 5 11 124 52 20 49 31 48 124 124 124 124 124 23 124 124 7 10 6 12 9 124 124
3 4 5 11 124 33 20 34 13 124 124 124 124 124 124 23 124 124 7 10 6 12 9 124 124
3 4 5 11 124 32 20 47 13 124 124 124 124 124 124 23 124 124 7 10 6 29 9 124 124
3 4 5 124 124 36 20 41 56 60 124 124 124 124 124 30 124 124 124 124 124 12 124 124 124
3 4 5 11 124 35 20 37 13 124 124 124 124 124 124 23 124 124 7 10 6 12 9 124 124
3 4 5 124 124 22 8 76 24 124 124 124 124 124 75 21 124 124 124 124 124 3 124 124 124
3 4 5 124 124 22 8 68 24 124 124 124 124 124 67 21 124 124 124 124 124 3 124 124 124
3 4 5 124 124 22 8 68 24 124 124 124 124 124 67 21 124 124 124 124 124 3 124 124 124
3 4 5 124 124 22 8 117 13 124 124 124 124 124 38 21 124 124 124 124 124 3 124 124 124
3 4 5 11 124 33 20 34 13 124 124 124 124 124 124 23 124 124 7 10 6 12 9 124 124
3 4 5 124 124 36 20 41 56 60 124 124 124 124 124 30 124 124 124 124 124 12 124 124 124
3 4 5 124 124 22 8 66 13 124 124 124 124 124 27 21 124 124 124 124 124 3 124 124 124
3 4 5 11 124 51 20 50 13 124 124 124 124 124 124 23 124 124 7 10 6 29 9 124 124
3 4 5 11 124 45 20 44 13 124 124 124 124 124 124 23 124 124 7 10 6 29 9 124 124
3 4 5 124 124 22 8 121 24 124 124 124 124 124 27 21 124 124 124 124 124 3 124 124 124
3 4 5 11 124 59 20 63 13 124 124 124 124 124 124 23 124 124 7 10 6 12 9 124 124
3 4 124 26 124 15 8 115 13 124 124 124 124 124 124 124 124 124 7 10 6 25 9 124 124
3 4 124 26 124 15 8 87 13 124 124 124 124 124 124 124 124 124 7 10 6 25 9 124 124
3 4 124 26 124 15 8 87 13 124 124 124 124 124 124 124 124 124 7 10 6 25 9 124 124
3 4 5 124 124 22 8 70 13 124 124 124 124 124 38 21 124 124 124 124 124 3 124 124 124
3 4 5 11 124 59 20 63 13 124 124 124 124 124 124 23 124 124 7 10 6 12 9 124 124
3 4 5 124 124 22 8 106 13 124 124 124 124 124 107 21 124 124 124 124 124 3 124 124 124
3 4 5 124 124 22 8 110 13 124 124 124 124 124 111 21 124 124 124 124 124 3 124 124 124
3 4 5 11 124 57 20 55 13 124 124 124 124 124 124 23 124 124 7 10 6 12 9 124 124
3 4 5 11 124 59 20 63 13 124 124 124 124 124 124 23 124 124 7 10 6 12 9 124 124
3 4 5 124 124 22 8 119 24 124 124 124 124 124 27 21 124 124 124 124 124 3 124 124 124
3 4 124 26 124 15 8 91 13 124 124 124 124 124 124 124 124 124 7 10 6 25 9 124 124
3 4 5 11 124 33 20 34 13 124 124 124 124 124 124 23 124 124 7 10 6 12 9 124 124
3 4 5 11 124 45 20 44 13 124 124 124 124 124 124 23 124 124 7 10 6 29 9 124 124
3 4 5 11 124 32 20 43 13 124 124 124 124 124 124 30 124 124 7 124 6 12 124 124 124
3 4 5 11 124 45 20 44 13 124 124 124 124 124 124 23 124 124 7 10 6 29 9 124 124
3 4 5 124 124 22 8 123 13 124 124 124 124 124 28 21 124 124 124 124 124 3 124 124 124
3 4 5 11 124 35 20 37 13 124 124 124 124 124 124 23 124 124 7 10 6 12 9 124 124
3 4 5 124 124 22 8 83 13 124 124 124 124 124 38 21 124 124 124 124 124 3 124 124 124
3 4 5 124 124 22 8 90 24 124 124 124 124 124 27 21 124 124 124 124 124 3 124 124 124
3 4 5 11 124 59 20 63 13 124 124 124 124 124 124 23 124 124 7 10 6 12 9 124 124
3 4 5 124 124 22 8 80 13 124 124 124 124 124 28 21 124 124 124 124 124 3 124 124 124
3 4 5 124 124 22 8 76 24 124 124 124 124 124 75 21 124 124 124 124 124 3 124 124 124
3 4 5 11 124 33 20 34 13 124 124 124 124 124 124 23 124 124 7 10 6 12 9 124 124
3 4 5 11 124 36 20 79 13 124 124 124 124 124 124 23 124 124 7 10 6 12 9 124 124
3 4 5 11 124 33 20 34 13 124 124 124 124 124 124 23 124 124 7 10 6 12 9 124 124
3 4 5 11 124 93 20 94 13 124 124 124 124 124 124 23 124 124 7 10 6 12 9 124 124
3 4 5 11 124 59 20 63 13 124 124 124 124 124 124 23 124 124 7 10 6 12 9 124 124
3 4 5 124 124 22 8 83 13 124 124 124 124 124 38 21 124 124 124 124 124 3 124 124 124
3 4 5 11 124 52 20 49 31 48 124 124 124 124 124 23 124 124 7 10 6 12 9 124 124
3 4 5 11 124 95 20 96 13 124 124 124 124 124 124 23 124 124 7 10 6 12 9 124 124
3 4 5 124 124 22 8 104 13 124 124 124 124 124 105 21 124 124 124 124 124 3 124 124 124
3 4 5 124 124 22 8 76 24 124 124 124 124 124 75 21 124 124 124 124 124 3 124 124 124
3 4 5 11 124 40 20 53 13 124 124 124 124 124 124 23 124 124 7 10 6 12 9 124 124
3 4 5 11 124 40 20 53 13 124 124 124 124 124 124 23 124 124 7 10 6 12 9 124 124
3 4 5 11 124 51 20 50 13 124 124 124 124 124 124 23 124 124 7 10 6 29 9 124 124
3 4 5 124 124 22 8 110 13 124 124 124 124 124 111 21 124 124 124 124 124 3 124 124 124
3 4 5 11 124 36 20 41 13 124 124 124 124 124 124 30 124 124 7 124 6 12 124 124 124
3 4 5 124 124 22 8 116 13 124 124 124 124 124 46 21 124 124 124 124 124 3 124 124 124
3 4 5 11 124 64 20 62 13 124 124 124 124 124 124 23 124 124 7 10 6 12 9 124 124
3 4 5 11 124 32 20 43 13 124 124 124 124 124 124 30 124 124 7 124 6 12 124 124 124
3 4 5 124 124 32 20 43 56 60 124 124 124 124 124 30 124 124 124 124 124 12 124 124 124
3 4 5 11 124 36 20 99 13 124 124 124 124 124 124 23 124 124 7 10 6 12 9 124 124
3 4 5 124 124 22 8 74 24 124 124 124 124 124 28 21 124 124 124 124 124 3 124 124 124
3 4 5 124 124 22 8 66 13 124 124 124 124 124 27 21 124 124 124 124 124 3 124 124 124
3 4 5 11 124 40 20 53 13 124 124 124 124 124 124 23 124 124 7 10 6 12 9 124 124
3 4 124 26 124 15 8 84 13 124 124 124 124 124 124 124 124 124 7 10 6 25 9 124 124
3 4 5 11 124 35 20 37 13 124 124 124 124 124 124 23 124 124 7 10 6 12 9 124 124
3 4 5 11 124 33 20 34 13 124 124 124 124 124 124 30 124 124 7 124 6 12 124 124 124
3 4 5 124 124 22 8 108 13 124 124 124 124 124 109 21 124 124 124 124 124 3 124 124 124
3 4 5 11 124 51 20 50 13 124 124 124 124 124 124 23 124 124 7 10 6 29 9 124 124
3 4 5 124 124 22 8 80 13 124 124 124 124 124 28 21 124 124 124 124 124 3 124 124 124
3 4 5 124 124 22 8 122 24 124 124 124 124 124 28 21 124 124 124 124 124 3 124 124 124
3 4 5 124 124 22 8 120 24 124 124 124 124 124 42 21 124 124 124 124 124 3 124 124 124
3 4 5 124 124 22 8 80 13 124 124 124 124 124 28 21 124 124 124 124 124 3 124 124 124
3 4 5 11 124 64 20 62 13 124 124 124 124 124 124 23 124 124 7 10 6 12 9 124 124
3 4 5 11 124 51 20 50 13 124 124 124 124 124 124 23 124 124 7 10 6 29 9 124 124
3 4 5 124 124 22 8 119 24 124 124 124 124 124 27 21 124 124 124 124 124 3 124 124 124
3 4 5 124 124 22 8 123 13 124 124 124 124 124 28 21 124 124 124 124 124 3 124 124 124
3 4 5 124 124 22 8 117 13 124 124 124 124 124 38 21 124 124 124 124 124 3 124 124 124
3 4 5 124 124 22 8 68 24 124 124 124 124 124 67 21 124 124 124 124 124 3 124 124 124
3 4 5 11 124 32 20 47 13 124 124 124 124 124 124 23 124 124 7 10 6 29 9 124 124
3 4 5 124 124 22 8 120 24 124 124 124 124 124 42 21 124 124 124 124 124 3 124 124 124
3 4 124 26 124 15 8 115 13 124 124 124 124 124 124 124 124 124 7 10 6 25 9 124 124
3 4 124 26 124 15 8 115 13 124 124 124 124 124 124 124 124 124 7 10 6 25 9 124 124
3 4 5 124 124 22 8 66 13 124 124 124 124 124 27 21 124 124 124 124 124 3 124 124 124
3 4 5 11 124 65 20 39 13 124 124 124 124 124 124 23 124 124 7 10 6 12 9 124 124
3 4 5 11 124 59 20 63 13 124 124 124 124 124 124 23 124 124 7 10 6 12 9 124 124
3 4 5 124 124 22 8 81 13 124 124 124 124 124 27 21 124 124 124 124 124 3 124 124 124
3 4 5 124 124 22 8 69 13 124 124 124 124 124 28 21 124 124 124 124 124 3 124 124 124
3 4 5 124 124 22 8 116 13 124 124 124 124 124 46 21 124 124 124 124 124 3 124 124 124
3 4 5 11 124 32 20 47 13 124 124 124 124 124 124 23 124 124 7 10 6 29 9 124 124
3 4 5 11 124 61 20 54 31 58 124 124 124 124 124 23 124 124 7 10 6 12 9 124 124
3 4 5 124 124 22 8 81 13 124 124 124 124 124 27 21 124 124 124 124 124 3 124 124 124
3 4 124 26 124 15 8 86 13 124 124 124 124 124 124 124 124 124 7 10 6 25 9 124 124
3 4 5 124 124 22 8 70 13 124 124 124 124 124 38 21 124 124 124 124 124 3 124 124 124
3 4 5 124 124 22 8 73 13 124 124 124 124 124 28 21 124 124 124 124 124 3 124 124 124
3 4 5 124 124 22 8 113 13 124 124 124 124 124 77 21 124 124 124 124 124 3 124 124 124
3 4 5 124 124 22 8 112 13 124 124 124 124 124 103 21 124 124 124 124 124 3 124 124 124
3 4 5 124 124 22 8 104 13 124 124 124 124 124 105 21 124 124 124 124 124 3 124 124 124
3 4 5 124 124 22 8 118 13 124 124 124 124 124 46 21 124 124 124 124 124 3 124 124 124
3 4 5 124 124 22 8 71 24 124 124 124 124 124 42 21 124 124 124 124 124 3 124 124 124
3 4 5 11 124 45 20 44 13 124 124 124 124 124 124 23 124 124 7 10 6 29 9 124 124
3 4 5 11 124 35 20 37 13 124 124 124 124 124 124 23 124 124 7 10 6 12 9 124 124
3 4 5 124 124 22 8 116 13 124 124 124 124 124 46 21 124 124 124 124 124 3 124 124 124
3 4 5 11 124 40 20 53 13 124 124 124 124 124 124 23 124 124 7 10 6 12 9 124 124
3 4 124 26 124 15 8 86 13 124 124 124 124 124 124 124 124 124 7 10 6 25 9 124 124
3 4 5 124 124 22 8 117 13 124 124 124 124 124 38 21 124 124 124 124 124 3 124 124 124
3 4 5 11 124 52 20 49 31 48 124 124 124 124 124 23 124 124 7 10 6 12 9 124 124
3 4 5 11 124 32 20 43 13 124 124 124 124 124 124 30 124 124 7 124 6 12 124 124 124
3 4 5 124 124 22 8 116 13 124 124 124 124 124 46 21 124 124 124 124 124 3 124 124 124
3 4 5 11 124 33 20 34 13 124 124 124 124 124 124 23 124 124 7 10 6 12 9 124 124
3 4 5 124 124 22 8 114 24 124 124 124 124 124 124 21 124 124 124 124 124 3 124 124 124
3 4 124 26 124 15 8 84 13 124 124 124 124 124 124 124 124 124 7 10 6 25 9 124 124
3 4 5 11 124 32 20 43 13 124 124 124 124 124 124 30 124 124 7 124 6 12 124 124 124
3 4 124 26 124 15 8 84 13 124 124 124 124 124 124 124 124 124 7 10 6 25 9 124 124
3 4 5 11 124 33 20 34 13 124 124 124 124 124 124 23 124 124 7 10 6 12 9 124 124
3 4 5 124 124 22 8 102 13 124 124 124 124 124 27 21 124 124 124 124 124 3 124 124 124
3 4 5 11 124 40 20 53 13 124 124 124 124 124 124 23 124 124 7 10 6 12 9 124 124
3 4 5 124 124 32 20 43 56 60 124 124 124 124 124 30 124 124 124 124 124 12 124 124 124
3 4 5 124 124 22 8 66 13 124 124 124 124 124 27 21 124 124 124 124 124 3 124 124 124
3 4 124 26 124 15 8 86 13 124 124 124 124 124 124 124 124 124 7 10 6 25 9 124 124
3 4 5 124 124 22 8 82 13 124 124 124 124 124 27 21 124 124 124 124 124 3 124 124 124
3 4 5 124 124 22 8 100 13 124 124 124 124 124 38 21 124 124 124 124 124 3 124 124 124
3 4 5 11 124 51 20 50 13 124 124 124 124 124 124 23 124 124 7 10 6 29 9 124 124
3 4 5 11 124 45 20 44 13 124 124 124 124 124 124 23 124 124 7 10 6 29 9 124 124
3 4 124 26 124 15 8 86 13 124 124 124 124 124 124 124 124 124 7 10 6 25 9 124 124
3 4 5 11 124 33 20 34 13 124 124 124 124 124 124 23 124 124 7 10 6 12 9 124 124
3 4 5 11 124 64 20 62 13 124 124 124 124 124 124 23 124 124 7 10 6 12 9 124 124
3 4 5 124 124 22 8 122 24 124 124 124 124 124 28 21 124 124 124 124 124 3 124 124 124
3 4 124 26 124 15 8 115 13 124 124 124 124 124 124 124 124 124 7 10 6 25 9 124 124
3 4 5 124 124 22 8 78 13 124 124 124 124 124 27 21 124 124 124 124 124 3 124 124 124
3 4 5 124 124 22 8 73 13 124 124 124 124 124 28 21 124 124 124 124 124 3 124 124 124
3 4 5 124 124 22 8 90 24 124 124 124 124 124 27 21 124 124 124 124 124 3 124 124 124
3 4 5 11 124 65 20 39 13 124 124 124 124 124 124 23 124 124 7 10 6 12 9 124 124
3 4 5 124 124 22 8 90 24 124 124 124 124 124 27 21 124 124 124 124 124 3 124 124 124
3 4 5 124 124 22 8 118 13 124 124 124 124 124 46 21 124 124 124 124 124 3 124 124 124
3 4 5 11 124 35 20 37 13 124 124 124 124 124 124 23 124 124 7 10 6 12 9 124 124
3 4 124 26 124 15 8 86 13 124 124 124 124 124 124 124 124 124 7 10 6 25 9 124 124
3 4 5 124 124 22 8 101 13 124 124 124 124 124 27 21 124 124 124 124 124 3 124 124 124
3 4 124 26 124 15 8 115 13 124 124 124 124 124 124 124 124 124 7 10 6 25 9 124 124
3 4 5 124 124 22 8 69 13 124 124 124 124 124 28 21 124 124 124 124 124 3 124 124 124
3 4 5 11 124 65 20 39 13 124 124 124 124 124 124 23 124 124 7 10 6 12 9 124 124
3 4 124 26 124 15 8 91 13 124 124 124 124 124 124 124 124 124 7 10 6 25 9 124 124
3 4 5 11 124 33 20 34 13 124 124 124 124 124 124 23 124 124 7 10 6 12 9 124 124
3 4 124 26 124 15 8 89 13 124 124 124 124 124 124 124 124 124 7 10 6 25 9 124 124
3 4 5 11 124 61 20 54 31 58 124 124 124 124 124 23 124 124 7 10 6 12 9 124 124
3 4 124 26 124 15 8 85 13 124 124 124 124 124 124 124 124 124 7 10 6 25 9 124 124
3 4 5 11 124 59 20 63 13 124 124 124 124 124 124 23 124 124 7 10 6 12 9 124 124
3 4 5 124 124 22 8 101 13 124 124 124 124 124 27 21 124 124 124 124 124 3 124 124 124
3 4 5 124 124 22 8 118 13 124 124 124 124 124 46 21 124 124 124 124 124 3 124 124 124
3 4 5 11 124 32 20 47 13 124 124 124 124 124 124 23 124 124 7 10 6 29 9 124 124
3 4 5 124 124 22 8 72 13 124 124 124 124 124 28 21 124 124 124 124 124 3 124 124 124
3 4 124 26 124 15 8 89 13 124 124 124 124 124 124 124 124 124 7 10 6 25 9 124 124
3 4 5 124 124 22 8 120 24 124 124 124 124 124 42 21 124 124 124 124 124 3 124 124 124
3 4 5 11 124 35 20 37 13 124 124 124 124 124 124 23 124 124 7 10 6 12 9 124 124
3 4 5 124 124 32 20 43 56 60 124 124 124 124 124 30 124 124 124 124 124 12 124 124 124
3 4 5 124 124 36 20 41 56 60 124 124 124 124 124 30 124 124 124 124 124 12 124 124 124
3 4 5 124 124 22 8 119 24 124 124 124 124 124 27 21 124 124 124 124 124 3 124 124 124
3 4 5 11 124 59 20 63 13 124 124 124 124 124 124 23 124 124 7 10 6 12 9 124 124
3 4 124 26 124 15 8 89 13 124 124 124 124 124 124 124 124 124 7 10 6 25 9 124 124
3 4 5 11 124 40 20 53 13 124 124 124 124 124 124 23 124 124 7 10 6 12 9 124 124
3 4 124 26 124 15 8 84 13 124 124 124 124 124 124 124 124 124 7 10 6 25 9 124 124
3 4 5 11 124 33 20 34 13 124 124 124 124 124 124 23 124 124 7 10 6 12 9 124 124
3 4 5 11 124 32 20 43 13 124 124 124 124 124 124 30 124 124 7 124 6 12 124 124 124
3 4 124 26 124 15 8 88 13 124 124 124 124 124 124 124 124 124 7 10 6 25 9 124 124
3 4 5 124 124 22 8 101 13 124 124 124 124 124 27 21 124 124 124 124 124 3 124 124 124
3 4 5 124 124 22 8 66 13 124 124 124 124 124 27 21 124 124 124 124 124 3 124 124 124
3 4 5 11 124 57 20 55 13 124 124 124 124 124 124 23 124 124 7 10 6 12 9 124 124
3 4 5 11 124 45 20 44 13 124 124 124 124 124 124 23 124 124 7 10 6 29 9 124 124
3 4 5 11 124 45 20 44 13 124 124 124 124 124 124 23 124 124 7 10 6 29 9 124 124
3 4 5 11 124 32 20 47 13 124 124 124 124 124 124 23 124 124 7 10 6 29 9 124 124
3 4 5 11 124 45 20 44 13 124 124 124 124 124 124 23 124 124 7 10 6 29 9 124 124
3 4 5 124 124 22 8 112 13 124 124 124 124 124 103 21 124 124 124 124 124 3 124 124 124
3 4 5 124 124 22 8 122 24 124 124 124 124 124 28 21 124 124 124 124 124 3 124 124 124
3 4 5 124 124 22 8 80 13 124 124 124 124 124 28 21 124 124 124 124 124 3 124 124 124
3 4 124 26 124 15 8 86 13 124 124 124 124 124 124 124 124 124 7 10 6 25 9 124 124
3 4 5 124 124 22 8 76 24 124 124 124 124 124 75 21 124 124 124 124 124 3 124 124 124
3 4 5 11 124 57 20 55 13 124 124 124 124 124 124 23 124 124 7 10 6 12 9 124 124
3 4 5 124 124 22 8 120 24 124 124 124 124 124 42 21 124 124 124 124 124 3 124 124 124
3 4 5 124 124 22 8 90 24 124 124 124 124 124 27 21 124 124 124 124 124 3 124 124 124
3 4 5 124 124 22 8 108 13 124 124 124 124 124 109 21 124 124 124 124 124 3 124 124 124
3 4 5 124 124 22 8 71 24 124 124 124 124 124 42 21 124 124 124 124 124 3 124 124 124
3 4 5 124 124 36 20 41 56 60 124 124 124 124 124 30 124 124 124 124 124 12 124 124 124
3 4 5 11 124 93 20 94 13 124 124 124 124 124 124 23 124 124 7 10 6 12 9 124 124
3 4 5 11 124 52 20 49 31 48 124 124 124 124 124 23 124 124 7 10 6 12 9 124 124
3 4 5 124 124 22 8 110 13 124 124 124 124 124 111 21 124 124 124 124 124 3 124 124 124
3 4 5 11 124 45 20 44 13 124 124 124 124 124 124 23 124 124 7 10 6 29 9 124 124
3 4 124 26 124 15 8 88 13 124 124 124 124 124 124 124 124 124 7 10 6 25 9 124 124
3 4 5 11 124 45 20 44 13 124 124 124 124 124 124 23 124 124 7 10 6 29 9 124 124
3 4 5 124 124 22 8 106 13 124 124 124 124 124 107 21 124 124 124 124 124 3 124 124 124
3 4 5 11 124 95 20 96 13 124 124 124 124 124 124 23 124 124 7 10 6 12 9 124 124
3 4 5 124 124 22 8 108 13 124 124 124 124 124 109 21 124 124 124 124 124 3 124 124 124
3 4 5 11 124 35 20 37 13 124 124 124 124 124 124 23 124 124 7 10 6 12 9 124 124
3 4 5 124 124 22 8 73 13 124 124 124 124 124 28 21 124 124 124 124 124 3 124 124 124
3 4 5 124 124 22 8 110 13 124 124 124 124 124 111 21 124 124 124 124 124 3 124 124 124
3 4 5 124 124 22 8 83 13 124 124 124 124 124 38 21 124 124 124 124 124 3 124 124 124
3 4 5 11 124 33 20 34 13 124 124 124 124 124 124 23 124 124 7 10 6 12 9 124 124
3 4 5 11 124 57 20 55 13 124 124 124 124 124 124 23 124 124 7 10 6 12 9 124 124
3 4 5 124 124 22 8 114 24 124 124 124 124 124 124 21 124 124 124 124 124 3 124 124 124
3 4 5 11 124 45 20 44 13 124 124 124 124 124 124 23 124 124 7 10 6 29 9 124 124
3 4 124 26 124 15 8 89 13 124 124 124 124 124 124 124 124 124 7 10 6 25 9 124 124
3 4 5 124 124 22 8 117 13 124 124 124 124 124 38 21 124 124 124 124 124 3 124 124 124
3 4 5 11 124 35 20 37 13 124 124 124 124 124 124 23 124 124 7 10 6 12 9 124 124
3 4 5 11 124 97 20 98 13 124 124 124 124 124 124 23 124 124 7 10 6 12 9 124 124
3 4 5 11 124 35 20 37 13 124 124 124 124 124 124 23 124 124 7 10 6 12 9 124 124
3 4 5 11 124 52 20 49 31 48 124 124 124 124 124 23 124 124 7 10 6 12 9 124 124
3 4 5 11 124 65 20 39 13 124 124 124 124 124 124 23 124 124 7 10 6 12 9 124 124
3 4 5 11 124 52 20 49 31 48 124 124 124 124 124 23 124 124 7 10 6 12 9 124 124
3 4 5 124 124 22 8 82 13 124 124 124 124 124 27 21 124 124 124 124 124 3 124 124 124
3 4 5 11 124 95 20 96 13 124 124 124 124 124 124 23 124 124 7 10 6 12 9 124 124
3 4 124 26 124 15 8 84 13 124 124 124 124 124 124 124 124 124 7 10 6 25 9 124 124
3 4 5 11 124 35 20 37 13 124 124 124 124 124 124 23 124 124 7 10 6 12 9 124 124
3 4 124 26 124 15 8 115 13 124 124 124 124 124 124 124 124 124 7 10 6 25 9 124 124
3 4 5 124 124 22 8 112 13 124 124 124 124 124 103 21 124 124 124 124 124 3 124 124 124
3 4 5 124 124 22 8 78 13 124 124 124 124 124 27 21 124 124 124 124 124 3 124 124 124
3 4 5 124 124 22 8 106 13 124 124 124 124 124 107 21 124 124 124 124 124 3 124 124 124
3 4 5 124 124 22 8 101 13 124 124 124 124 124 27 21 124 124 124 124 124 3 124 124 124
3 4 5 11 124 35 20 37 13 124 124 124 124 124 124 23 124 124 7 10 6 12 9 124 124
3 4 5 11 124 64 20 62 13 124 124 124 124 124 124 23 124 124 7 10 6 12 9 124 124
3 4 5 124 124 22 8 70 13 124 124 124 124 124 38 21 124 124 124 124 124 3 124 124 124
3 4 5 124 124 22 8 80 13 124 124 124 124 124 28 21 124 124 124 124 124 3 124 124 124
3 4 5 11 124 51 20 50 13 124 124 124 124 124 124 23 124 124 7 10 6 29 9 124 124
3 4 5 124 124 22 8 73 13 124 124 124 124 124 28 21 124 124 124 124 124 3 124 124 124
3 4 124 26 124 15 8 85 13 124 124 124 124 124 124 124 124 124 7 10 6 25 9 124 124
3 4 5 124 124 22 8 123 13 124 124 124 124 124 28 21 124 124 124 124 124 3 124 124 124
3 4 5 11 124 36 20 79 13 124 124 124 124 124 124 23 124 124 7 10 6 12 9 124 124
3 4 5 124 124 36 20 41 56 60 124 124 124 124 124 30 124 124 124 124 124 12 124 124 124
3 4 5 124 124 22 8 120 24 124 124 124 124 124 42 21 124 124 124 124 124 3 124 124 124
3 4 5 124 124 22 8 113 13 124 124 124 124 124 77 21 124 124 124 124 124 3 124 124 124
3 4 5 124 124 22 8 81 13 124 124 124 124 124 27 21 124 124 124 124 124 3 124 124 124
3 4 5 124 124 22 8 123 13 124 124 124 124 124 28 21 124 124 124 124 124 3 124 124 124
3 4 5 11 124 35 20 37 13 124 124 124 124 124 124 23 124 124 7 10 6 12 9 124 124
3 4 5 11 124 95 20 96 13 124 124 124 124 124 124 23 124 124 7 10 6 12 9 124 124
3 4 5 124 124 22 8 101 13 124 124 124 124 124 27 21 124 124 124 124 124 3 124 124 124
3 4 5 11 124 36 20 79 13 124 124 124 124 124 124 23 124 124 7 10 6 12 9 124 124
3 4 5 11 124 64 20 62 13 124 124 124 124 124 124 23 124 124 7 10 6 12 9 124 124
3 4 5 11 124 51 20 50 13 124 124 124 124 124 124 23 124 124 7 10 6 29 9 124 124
3 4 124 26 124 15 8 91 13 124 124 124 124 124 124 124 124 124 7 10 6 25 9 124 124
3 4 5 124 124 22 8 68 24 124 124 124 124 124 67 21 124 124 124 124 124 3 124 124 124
3 4 5 124 124 22 8 113 13 124 124 124 124 124 77 21 124 124 124 124 124 3 124 124 124
3 4 5 124 124 22 8 81 13 124 124 124 124 124 27 21 124 124 124 124 124 3 124 124 124
3 4 5 124 124 22 8 114 24 124 124 124 124 124 124 21 124 124 124 124 124 3 124 124 124
3 4 5 124 124 22 8 102 13 124 124 124 124 124 27 21 124 124 124 124 124 3 124 124 124
3 4 5 11 124 33 20 34 13 124 124 124 124 124 124 23 124 124 7 10 6 12 9 124 124
3 4 5 11 124 35 20 37 13 124 124 124 124 124 124 23 124 124 7 10 6 12 9 124 124
3 4 5 11 124 52 20 49 31 48 124 124 124 124 124 23 124 124 7 10 6 12 9 124 124
3 4 5 11 124 35 20 37 13 124 124 124 124 124 124 23 124 124 7 10 6 12 9 124 124
3 4 5 124 124 22 8 120 24 124 124 124 124 124 42 21 124 124 124 124 124 3 124 124 124
3 4 124 26 124 15 8 92 13 124 124 124 124 124 124 124 124 124 7 10 6 25 9 124 124
3 4 5 11 124 35 20 37 13 124 124 124 124 124 124 23 124 124 7 10 6 12 9 124 124
3 4 5 11 124 45 20 44 13 124 124 124 124 124 124 23 124 124 7 10 6 29 9 124 124
3 4 5 11 124 33 20 34 13 124 124 124 124 124 124 23 124 124 7 10 6 12 9 124 124
3 4 5 11 124 32 20 47 13 124 124 124 124 124 124 23 124 124 7 10 6 29 9 124 124
3 4 5 11 124 97 20 98 13 124 124 124 124 124 124 23 124 124 7 10 6 12 9 124 124
3 4 5 124 124 22 8 74 24 124 124 124 124 124 28 21 124 124 124 124 124 3 124 124 124
3 4 5 11 124 33 20 34 13 124 124 124 124 124 124 23 124 124 7 10 6 12 9 124 124
3 4 5 11 124 57 20 55 13 124 124 124 124 124 124 23 124 124 7 10 6 12 9 124 124
3 4 5 124 124 32 20 43 56 60 124 124 124 124 124 30 124 124 124 124 124 12 124 124 124
3 4 5 11 124 45 20 44 13 124 124 124 124 124 124 23 124 124 7 10 6 29 9 124 124
3 4 5 11 124 33 20 34 13 124 124 124 124 124 124 23 124 124 7 10 6 12 9 124 124
3 4 5 124 124 22 8 120 24 124 124 124 124 124 42 21 124 124 124 124 124 3 124 124 124
3 4 5 11 124 33 20 34 13 124 124 124 124 124 124 23 124 124 7 10 6 12 9 124 124
3 4 5 124 124 36 20 41 56 60 124 124 124 124 124 30 124 124 124 124 124 12 124 124 124
3 4 5 11 124 59 20 63 13 124 124 124 124 124 124 23 124 124 7 10 6 12 9 124 124
3 4 5 124 124 22 8 110 13 124 124 124 124 124 111 21 124 124 124 124 124 3 124 124 124
3 4 5 11 124 52 20 49 31 48 124 124 124 124 124 23 124 124 7 10 6 12 9 124 124
3 4 5 11 124 52 20 49 31 48 124 124 124 124 124 23 124 124 7 10 6 12 9 124 124
3 4 124 26 124 15 8 89 13 124 124 124 124 124 124 124 124 124 7 10 6 25 9 124 124
3 4 5 11 124 33 20 34 13 124 124 124 124 124 124 23 124 124 7 10 6 12 9 124 124
3 4 5 124 124 22 8 71 24 124 124 124 124 124 42 21 124 124 124 124 124 3 124 124 124
3 4 5 11 124 35 20 37 13 124 124 124 124 124 124 23 124 124 7 10 6 12 9 124 124
3 4 124 26 124 15 8 87 13 124 124 124 124 124 124 124 124 124 7 10 6 25 9 124 124
3 4 5 124 124 22 8 120 24 124 124 124 124 124 42 21 124 124 124 124 124 3 124 124 124
3 4 5 11 124 32 20 47 13 124 124 124 124 124 124 23 124 124 7 10 6 29 9 124 124
3 4 5 124 124 22 8 70 13 124 124 124 124 124 38 21 124 124 124 124 124 3 124 124 124
3 4 5 124 124 22 8 71 24 124 124 124 124 124 42 21 124 124 124 124 124 3 124 124 124
3 4 124 26 124 15 8 85 13 124 124 124 124 124 124 124 124 124 7 10 6 25 9 124 124
3 4 5 124 124 22 8 114 24 124 124 124 124 124 124 21 124 124 124 124 124 3 124 124 124
3 4 5 11 124 65 20 39 13 124 124 124 124 124 124 23 124 124 7 10 6 12 9 124 124
3 4 5 124 124 22 8 112 13 124 124 124 124 124 103 21 124 124 124 124 124 3 124 124 124
3 4 5 124 124 22 8 106 13 124 124 124 124 124 107 21 124 124 124 124 124 3 124 124 124
3 4 5 11 124 61 20 54 31 58 124 124 124 124 124 23 124 124 7 10 6 12 9 124 124
3 4 5 11 124 57 20 55 13 124 124 124 124 124 124 23 124 124 7 10 6 12 9 124 124
3 4 5 124 124 22 8 110 13 124 124 124 124 124 111 21 124 124 124 124 124 3 124 124 124
3 4 5 11 124 40 20 53 13 124 124 124 124 124 124 23 124 124 7 10 6 12 9 124 124
3 4 5 124 124 22 8 120 24 124 124 124 124 124 42 21 124 124 124 124 124 3 124 124 124
3 4 124 26 124 15 8 88 13 124 124 124 124 124 124 124 124 124 7 10 6 25 9 124 124
3 4 5 124 124 22 8 119 24 124 124 124 124 124 27 21 124 124 124 124 124 3 124 124 124
3 4 5 11 124 65 20 39 13 124 124 124 124 124 124 23 124 124 7 10 6 12 9 124 124
3 4 5 11 124 36 20 41 13 124 124 124 124 124 124 30 124 124 7 124 6 12 124 124 124
3 4 5 124 124 22 8 112 13 124 124 124 124 124 103 21 124 124 124 124 124 3 124 124 124
3 4 5 11 124 95 20 96 13 124 124 124 124 124 124 23 124 124 7 10 6 12 9 124 124
3 4 5 124 124 22 8 120 24 124 124 124 124 124 42 21 124 124 124 124 124 3 124 124 124
3 4 5 124 124 22 8 71 24 124 124 124 124 124 42 21 124 124 124 124 124 3 124 124 124
3 4 124 26 124 15 8 87 13 124 124 124 124 124 124 124 124 124 7 10 6 25 9 124 124
3 4 5 11 124 97 20 98 13 124 124 124 124 124 124 23 124 124 7 10 6 12 9 124 124
3 4 5 11 124 35 20 37 13 124 124 124 124 124 124 23 124 124 7 10 6 12 9 124 124
3 4 5 124 124 22 8 102 13 124 124 124 124 124 27 21 124 124 124 124 124 3 124 124 124
3 4 124 26 124 15 8 115 13 124 124 124 124 124 124 124 124 124 7 10 6 25 9 124 124
3 4 5 124 124 32 20 43 56 60 124 124 124 124 124 30 124 124 124 124 124 12 124 124 124
3 4 5 124 124 36 20 41 56 60 124 124 124 124 124 30 124 124 124 124 124 12 124 124 124
3 4 5 11 124 36 20 79 13 124 124 124 124 124 124 23 124 124 7 10 6 12 9 124 124
3 4 5 124 124 22 8 104 13 124 124 124 124 124 105 21 124 124 124 124 124 3 124 124 124
3 4 5 11 124 52 20 49 31 48 124 124 124 124 124 23 124 124 7 10 6 12 9 124 124
3 4 5 124 124 22 8 121 24 124 124 124 124 124 27 21 124 124 124 124 124 3 124 124 124
3 4 5 11 124 57 20 55 13 124 124 124 124 124 124 23 124 124 7 10 6 12 9 124 124
3 4 5 124 124 32 20 43 56 60 124 124 124 124 124 30 124 124 124 124 124 12 124 124 124
3 4 5 124 124 22 8 69 13 124 124 124 124 124 28 21 124 124 124 124 124 3 124 124 124
3 4 5 11 124 40 20 53 13 124 124 124 124 124 124 23 124 124 7 10 6 12 9 124 124
3 4 5 124 124 22 8 83 13 124 124 124 124 124 38 21 124 124 124 124 124 3 124 124 124
3 4 5 124 124 22 8 78 13 124 124 124 124 124 27 21 124 124 124 124 124 3 124 124 124
3 4 124 26 124 15 8 92 13 124 124 124 124 124 124 124 124 124 7 10 6 25 9 124 124
3 4 5 11 124 35 20 37 13 124 124 124 124 124 124 23 124 124 7 10 6 12 9 124 124
3 4 124 26 124 15 8 84 13 124 124 124 124 124 124 124 124 124 7 10 6 25 9 124 124
3 4 5 124 124 22 8 100 13 124 124 124 124 124 38 21 124 124 124 124 124 3 124 124 124
3 4 5 11 124 52 20 49 31 48 124 124 124 124 124 23 124 124 7 10 6 12 9 124 124
3 4 5 124 124 22 8 81 13 124 124 124 124 124 27 21 124 124 124 124 124 3 124 124 124
3 4 5 11 124 52 20 49 31 48 124 124 124 124 124 23 124 124 7 10 6 12 9 124 124
3 4 5 124 124 22 8 74 24 124 124 124 124 124 28 21 124 124 124 124 124 3 124 124 124
3 4 5 124 124 22 8 82 13 124 124 124 124 124 27 21 124 124 124 124 124 3 124 124 124
3 4 5 124 124 22 8 119 24 124 124 124 124 124 27 21 124 124 124 124 124 3 124 124 124
3 4 5 124 124 22 8 83 13 124 124 124 124 124 38 21 124 124 124 124 124 3 124 124 124
3 4 5 124 124 22 8 82 13 124 124 124 124 124 27 21 124 124 124 124 124 3 124 124 124
3 4 5 124 124 22 8 69 13 124 124 124 124 124 28 21 124 124 124 124 124 3 124 124 124
3 4 5 124 124 22 8 113 13 124 124 124 124 124 77 21 124 124 124 124 124 3 124 124 124
3 4 5 11 124 45 20 44 13 124 124 124 124 124 124 23 124 124 7 10 6 29 9 124 124
3 4 5 11 124 32 20 47 13 124 124 124 124 124 124 23 124 124 7 10 6 29 9 124 124
3 4 5 11 124 61 20 54 31 58 124 124 124 124 124 23 124 124 7 10 6 12 9 124 124
3 4 5 124 124 22 8 73 13 124 124 124 124 124 28 21 124 124 124 124 124 3 124 124 124
3 4 124 26 124 15 8 86 13 124 124 124 124 124 124 124 124 124 7 10 6 25 9 124 124
3 4 124 26 124 15 8 88 13 124 124 124 124 124 124 124 124 124 7 10 6 25 9 124 124
3 4 5 124 124 22 8 74 24 124 124 124 124 124 28 21 124 124 124 124 124 3 124 124 124
3 4 5 124 124 22 8 72 13 124 124 124 124 124 28 21 124 124 124 124 124 3 124 124 124
3 4 5 124 124 22 8 101 13 124 124 124 124 124 27 21 124 124 124 124 124 3 124 124 124
3 4 5 124 124 22 8 71 24 124 124 124 124 124 42 21 124 124 124 124 124 3 124 124 124
3 4 5 11 124 33 20 34 13 124 124 124 124 124 124 23 124 124 7 10 6 12 9 124 124
3 4 5 11 124 45 20 44 13 124 124 124 124 124 124 23 124 124 7 10 6 29 9 124 124
3 4 5 11 124 32 20 43 13 124 124 124 124 124 124 30 124 124 7 124 6 12 124 124 124
3 4 5 124 124 22 8 69 13 124 124 124 124 124 28 21 124 124 124 124 124 3 124 124 124
3 4 5 11 124 45 20 44 13 124 124 124 124 124 124 23 124 124 7 10 6 29 9 124 124
3 4 5 11 124 35 20 37 13 124 124 124 124 124 124 23 124 124 7 10 6 12 9 124 124
3 4 124 26 124 15 8 84 13 124 124 124 124 124 124 124 124 124 7 10 6 25 9 124 124
3 4 5 11 124 65 20 39 13 124 124 124 124 124 124 23 124 124 7 10 6 12 9 124 124
3 4 5 11 124 95 20 96 13 124 124 124 124 124 124 23 124 124 7 10 6 12 9 124 124
3 4 5 11 124 36 20 99 13 124 124 124 124 124 124 23 124 124 7 10 6 12 9 124 124
3 4 5 11 124 36 20 99 13 124 124 124 124 124 124 23 124 124 7 10 6 12 9 124 124
3 4 5 11 124 40 20 53 13 124 124 124 124 124 124 23 124 124 7 10 6 12 9 124 124
3 4 5 11 124 33 20 34 13 124 124 124 124 124 124 30 124 124 7 124 6 12 124 124 124
3 4 5 124 124 22 8 123 13 124 124 124 124 124 28 21 124 124 124 124 124 3 124 124 124
3 4 5 11 124 64 20 62 13 124 124 124 124 124 124 23 124 124 7 10 6 12 9 124 124
3 4 5 11 124 64 20 62 13 124 124 124 124 124 124 23 124 124 7 10 6 12 9 124 124
3 4 124 26 124 15 8 85 13 124 124 124 124 124 124 124 124 124 7 10 6 25 9 124 124
3 4 5 124 124 22 8 117 13 124 124 124 124 124 38 21 124 124 124 124 124 3 124 124 124
3 4 5 11 124 59 20 63 13 124 124 124 124 124 124 23 124 124 7 10 6 12 9 124 124
3 4 5 11 124 33 20 34 13 124 124 124 124 124 124 30 124 124 7 124 6 12 124 124 124
3 4 5 11 124 51 20 50 13 124 124 124 124 124 124 23 124 124 7 10 6 29 9 124 124
3 4 5 11 124 35 20 37 13 124 124 124 124 124 124 23 124 124 7 10 6 12 9 124 124
3 4 124 26 124 15 8 91 13 124 124 124 124 124 124 124 124 124 7 10 6 25 9 124 124
3 4 5 124 124 22 8 100 13 124 124 124 124 124 38 21 124 124 124 124 124 3 124 124 124
3 4 5 11 124 65 20 39 13 124 124 124 124 124 124 23 124 124 7 10 6 12 9 124 124
3 4 5 124 124 32 20 43 56 60 124 124 124 124 124 30 124 124 124 124 124 12 124 124 124
3 4 5 11 124 36 20 99 13 124 124 124 124 124 124 23 124 124 7 10 6 12 9 124 124
3 4 5 11 124 45 20 44 13 124 124 124 124 124 124 23 124 124 7 10 6 29 9 124 124
3 4 5 124 124 22 8 118 13 124 124 124 124 124 46 21 124 124 124 124 124 3 124 124 124
3 4 5 124 124 22 8 83 13 124 124 124 124 124 38 21 124 124 124 124 124 3 124 124 124
3 4 5 11 124 65 20 39 13 124 124 124 124 124 124 23 124 124 7 10 6 12 9 124 124
3 4 5 124 124 22 8 106 13 124 124 124 124 124 107 21 124 124 124 124 124 3 124 124 124
3 4 5 124 124 22 8 104 13 124 124 124 124 124 105 21 124 124 124 124 124 3 124 124 124
3 4 5 11 124 64 20 62 13 124 124 124 124 124 124 23 124 124 7 10 6 12 9 124 124
3 4 5 11 124 36 20 99 13 124 124 124 124 124 124 23 124 124 7 10 6 12 9 124 124
3 4 5 124 124 22 8 81 13 124 124 124 124 124 27 21 124 124 124 124 124 3 124 124 124
3 4 5 124 124 22 8 116 13 124 124 124 124 124 46 21 124 124 124 124 124 3 124 124 124
3 4 5 11 124 59 20 63 13 124 124 124 124 124 124 23 124 124 7 10 6 12 9 124 124
3 4 5 11 124 51 20 50 13 124 124 124 124 124 124 23 124 124 7 10 6 29 9 124 124
3 4 5 124 124 22 8 70 13 124 124 124 124 124 38 21 124 124 124 124 124 3 124 124 124
3 4 124 26 124 15 8 84 13 124 124 124 124 124 124 124 124 124 7 10 6 25 9 124 124
3 4 5 11 124 36 20 41 13 124 124 124 124 124 124 30 124 124 7 124 6 12 124 124 124
3 4 5 124 124 32 20 43 56 60 124 124 124 124 124 30 124 124 124 124 124 12 124 124 124
3 4 5 11 124 61 20 54 31 58 124 124 124 124 124 23 124 124 7 10 6 12 9 124 124
3 4 5 124 124 22 8 100 13 124 124 124 124 124 38 21 124 124 124 124 124 3 124 124 124
3 4 124 26 124 15 8 89 13 124 124 124 124 124 124 124 124 124 7 10 6 25 9 124 124
3 4 5 11 124 36 20 99 13 124 124 124 124 124 124 23 124 124 7 10 6 12 9 124 124
3 4 5 11 124 61 20 54 31 58 124 124 124 124 124 23 124 124 7 10 6 12 9 124 124
3 4 5 11 124 61 20 54 31 58 124 124 124 124 124 23 124 124 7 10 6 12 9 124 124
3 4 5 124 124 22 8 72 13 124 124 124 124 124 28 21 124 124 124 124 124 3 124 124 124
3 4 5 11 124 51 20 50 13 124 124 124 124 124 124 23 124 124 7 10 6 29 9 124 124
3 4 5 124 124 22 8 72 13 124 124 124 124 124 28 21 124 124 124 124 124 3 124 124 124
3 4 5 124 124 22 8 76 24 124 124 124 124 124 75 21 124 124 124 124 124 3 124 124 124
3 4 5 11 124 59 20 63 13 124 124 124 124 124 124 23 124 124 7 10 6 12 9 124 124
3 4 5 11 124 61 20 54 31 58 124 124 124 124 124 23 124 124 7 10 6 12 9 124 124
3 4 5 124 124 22 8 104 13 124 124 124 124 124 105 21 124 124 124 124 124 3 124 124 124
3 4 5 124 124 22 8 81 13 124 124 124 124 124 27 21 124 124 124 124 124 3 124 124 124
3 4 5 124 124 22 8 78 13 124 124 124 124 124 27 21 124 124 124 124 124 3 124 124 124
3 4 5 124 124 22 8 122 24 124 124 124 124 124 28 21 124 124 124 124 124 3 124 124 124
3 4 5 11 124 32 20 47 13 124 124 124 124 124 124 23 124 124 7 10 6 29 9 124 124
3 4 5 124 124 22 8 83 13 124 124 124 124 124 38 21 124 124 124 124 124 3 124 124 124
3 4 5 11 124 33 20 34 13 124 124 124 124 124 124 23 124 124 7 10 6 12 9 124 124
3 4 5 124 124 22 8 74 24 124 124 124 124 124 28 21 124 124 124 124 124 3 124 124 124
3 4 5 124 124 22 8 73 13 124 124 124 124 124 28 21 124 124 124 124 124 3 124 124 124
3 4 5 124 124 22 8 74 24 124 124 124 124 124 28 21 124 124 124 124 124 3 124 124 124
3 4 5 11 124 61 20 54 31 58 124 124 124 124 124 23 124 124 7 10 6 12 9 124 124
3 4 5 11 124 65 20 39 13 124 124 124 124 124 124 23 124 124 7 10 6 12 9 124 124
3 4 124 26 124 15 8 88 13 124 124 124 124 124 124 124 124 124 7 10 6 25 9 124 124
3 4 5 124 124 22 8 123 13 124 124 124 124 124 28 21 124 124 124 124 124 3 124 124 124
3 4 5 11 124 61 20 54 31 58 124 124 124 124 124 23 124 124 7 10 6 12 9 124 124
3 4 5 124 124 22 8 76 24 124 124 124 124 124 75 21 124 124 124 124 124 3 124 124 124
3 4 5 124 124 22 8 117 13 124 124 124 124 124 38 21 124 124 124 124 124 3 124 124 124
3 4 124 26 124 15 8 88 13 124 124 124 124 124 124 124 124 124 7 10 6 25 9 124 124
3 4 5 124 124 22 8 108 13 124 124 124 124 124 109 21 124 124 124 124 124 3 124 124 124
3 4 5 124 124 22 8 72 13 124 124 124 124 124 28 21 124 124 124 124 124 3 124 124 124
3 4 5 11 124 40 20 53 13 124 124 124 124 124 124 23 124 124 7 10 6 12 9 124 124
3 4 5 124 124 22 8 117 13 124 124 124 124 124 38 21 124 124 124 124 124 3 124 124 124
3 4 5 124 124 22 8 106 13 124 124 124 124 124 107 21 124 124 124 124 124 3 124 124 124
3 4 5 124 124 22 8 68 24 124 124 124 124 124 67 21 124 124 124 124 124 3 124 124 124
3 4 5 11 124 32 20 47 13 124 124 124 124 124 124 23 124 124 7 10 6 29 9 124 124
3 4 5 11 124 61 20 54 31 58 124 124 124 124 124 23 124 124 7 10 6 12 9 124 124
3 4 5 124 124 22 8 116 13 124 124 124 124 124 46 21 124 124 124 124 124 3 124 124 124
3 4 5 11 124 64 20 62 13 124 124 124 124 124 124 23 124 124 7 10 6 12 9 124 124
3 4 5 11 124 59 20 63 13 124 124 124 124 124 124 23 124 124 7 10 6 12 9 124 124
3 4 5 124 124 22 8 70 13 124 124 124 124 124 38 21 124 124 124 124 124 3 124 124 124
3 4 5 124 124 22 8 90 24 124 124 124 124 124 27 21 124 124 124 124 124 3 124 124 124
3 4 5 11 124 35 20 37 13 124 124 124 124 124 124 23 124 124 7 10 6 12 9 124 124
3 4 5 11 124 97 20 98 13 124 124 124 124 124 124 23 124 124 7 10 6 12 9 124 124
3 4 5 11 124 45 20 44 13 124 124 124 124 124 124 23 124 124 7 10 6 29 9 124 124
3 4 5 11 124 51 20 50 13 124 124 124 124 124 124 23 124 124 7 10 6 29 9 124 124
3 4 124 26 124 15 8 92 13 124 124 124 124 124 124 124 124 124 7 10 6 25 9 124 124
3 4 5 124 124 22 8 71 24 124 124 124 124 124 42 21 124 124 124 124 124 3 124 124 124
3 4 5 11 124 33 20 34 13 124 124 124 124 124 124 30 124 124 7 124 6 12 124 124 124
3 4 5 11 124 45 20 44 13 124 124 124 124 124 124 23 124 124 7 10 6 29 9 124 124
3 4 5 11 124 65 20 39 13 124 124 124 124 124 124 23 124 124 7 10 6 12 9 124 124
3 4 5 124 124 22 8 68 24 124 124 124 124 124 67 21 124 124 124 124 124 3 124 124 124
3 4 5 11 124 65 20 39 13 124 124 124 124 124 124 23 124 124 7 10 6 12 9 124 124
3 4 5 11 124 33 20 34 13 124 124 124 124 124 124 30 124 124 7 124 6 12 124 124 124
3 4 5 124 124 22 8 121 24 124 124 124 124 124 27 21 124 124 124 124 124 3 124 124 124
3 4 5 11 124 33 20 34 13 124 124 124 124 124 124 23 124 124 7 10 6 12 9 124 124
3 4 5 124 124 22 8 102 13 124 124 124 124 124 27 21 124 124 124 124 124 3 124 124 124
3 4 5 11 124 33 20 34 13 124 124 124 124 124 124 23 124 124 7 10 6 12 9 124 124
3 4 5 124 124 22 8 112 13 124 124 124 124 124 103 21 124 124 124 124 124 3 124 124 124
3 4 5 124 124 22 8 102 13 124 124 124 124 124 27 21 124 124 124 124 124 3 124 124 124
3 4 5 124 124 22 8 106 13 124 124 124 124 124 107 21 124 124 124 124 124 3 124 124 124
3 4 5 124 124 22 8 113 13 124 124 124 124 124 77 21 124 124 124 124 124 3 124 124 124
3 4 5 124 124 22 8 66 13 124 124 124 124 124 27 21 124 124 124 124 124 3 124 124 124
3 4 5 11 124 40 20 53 13 124 124 124 124 124 124 23 124 124 7 10 6 12 9 124 124
3 4 124 26 124 15 8 86 13 124 124 124 124 124 124 124 124 124 7 10 6 25 9 124 124
3 4 5 11 124 57 20 55 13 124 124 124 124 124 124 23 124 124 7 10 6 12 9 124 124
3 4 5 124 124 32 20 43 56 60 124 124 124 124 124 30 124 124 124 124 124 12 124 124 124
3 4 124 26 124 15 8 87 13 124 124 124 124 124 124 124 124 124 7 10 6 25 9 124 124
3 4 5 124 124 22 8 81 13 124 124 124 124 124 27 21 124 124 124 124 124 3 124 124 124
3 4 124 26 124 15 8 92 13 124 124 124 124 124 124 124 124 124 7 10 6 25 9 124 124
3 4 5 124 124 22 8 121 24 124 124 124 124 124 27 21 124 124 124 124 124 3 124 124 124
3 4 5 11 124 52 20 49 31 48 124 124 124 124 124 23 124 124 7 10 6 12 9 124 124
3 4 5 11 124 33 20 34 13 124 124 124 124 124 124 23 124 124 7 10 6 12 9 124 124
3 4 5 124 124 22 8 104 13 124 124 124 124 124 105 21 124 124 124 124 124 3 124 124 124
3 4 5 11 124 32 20 43 13 124 124 124 124 124 124 30 124 124 7 124 6 12 124 124 124
3 4 5 11 124 93 20 94 13 124 124 124 124 124 124 23 124 124 7 10 6 12 9 124 124
3 4 5 11 124 33 20 34 13 124 124 124 124 124 124 23 124 124 7 10 6 12 9 124 124
3 4 5 124 124 22 8 118 13 124 124 124 124 124 46 21 124 124 124 124 124 3 124 124 124
3 4 5 124 124 22 8 81 13 124 124 124 124 124 27 21 124 124 124 124 124 3 124 124 124
3 4 5 11 124 45 20 44 13 124 124 124 124 124 124 23 124 124 7 10 6 29 9 124 124
3 4 5 124 124 22 8 100 13 124 124 124 124 124 38 21 124 124 124 124 124 3 124 124 124
3 4 5 11 124 33 20 34 13 124 124 124 124 124 124 23 124 124 7 10 6 12 9 124 124
3 4 5 11 124 33 20 34 13 124 124 124 124 124 124 30 124 124 7 124 6 12 124 124 124
3 4 5 11 124 93 20 94 13 124 124 124 124 124 124 23 124 124 7 10 6 12 9 124 124
3 4 5 11 124 97 20 98 13 124 124 124 124 124 124 23 124 124 7 10 6 12 9 124 124
3 4 5 124 124 22 8 104 13 124 124 124 124 124 105 21 124 124 124 124 124 3 124 124 124
3 4 124 26 124 15 8 87 13 124 124 124 124 124 124 124 124 124 7 10 6 25 9 124 124
3 4 5 11 124 57 20 55 13 124 124 124 124 124 124 23 124 124 7 10 6 12 9 124 124
3 4 124 26 124 15 8 85 13 124 124 124 124 124 124 124 124 124 7 10 6 25 9 124 124
3 4 5 11 124 35 20 37 13 124 124 124 124 124 124 23 124 124 7 10 6 12 9 124 124
3 4 124 26 124 15 8 87 13 124 124 124 124 124 124 124 124 124 7 10 6 25 9 124 124
3 4 5 11 124 35 20 37 13 124 124 124 124 124 124 23 124 124 7 10 6 12 9 124 124
3 4 5 124 124 22 8 117 13 124 124 124 124 124 38 21 124 124 124 124 124 3 124 124 124
3 4 5 124 124 22 8 102 13 124 124 124 124 124 27 21 124 124 124 124 124 3 124 124 124
3 4 5 11 124 36 20 99 13 124 124 124 124 124 124 23 124 124 7 10 6 12 9 124 124
3 4 5 11 124 52 20 49 31 48 124 124 124 124 124 23 124 124 7 10 6 12 9 124 124
3 4 5 124 124 22 8 110 13 124 124 124 124 124 111 21 124 124 124 124 124 3 124 124 124
3 4 5 11 124 57 20 55 13 124 124 124 124 124 124 23 124 124 7 10 6 12 9 124 124
3 4 5 11 124 35 20 37 13 124 124 124 124 124 124 23 124 124 7 10 6 12 9 124 124
3 4 5 11 124 36 20 79 13 124 124 124 124 124 124 23 124 124 7 10 6 12 9 124 124
3 4 5 11 124 64 20 62 13 124 124 124 124 124 124 23 124 124 7 10 6 12 9 124 124
3 4 5 11 124 65 20 39 13 124 124 124 124 124 124 23 124 124 7 10 6 12 9 124 124
3 4 5 11 124 36 20 79 13 124 124 124 124 124 124 23 124 124 7 10 6 12 9 124 124
3 4 5 124 124 22 8 69 13 124 124 124 124 124 28 21 124 124 124 124 124 3 124 124 124
3 4 5 124 124 22 8 116 13 124 124 124 124 124 46 21 124 124 124 124 124 3 124 124 124
3 4 5 124 124 22 8 101 13 124 124 124 124 124 27 21 124 124 124 124 124 3 124 124 124
3 4 5 124 124 22 8 71 24 124 124 124 124 124 42 21 124 124 124 124 124 3 124 124 124
3 4 5 124 124 22 8 78 13 124 124 124 124 124 27 21 124 124 124 124 124 3 124 124 124
3 4 5 11 124 64 20 62 13 124 124 124 124 124 124 23 124 124 7 10 6 12 9 124 124
3 4 5 11 124 35 20 37 13 124 124 124 124 124 124 23 124 124 7 10 6 12 9 124 124
3 4 5 124 124 22 8 102 13 124 124 124 124 124 27 21 124 124 124 124 124 3 124 124 124
3 4 5 124 124 22 8 104 13 124 124 124 124 124 105 21 124 124 124 124 124 3 124 124 124
3 4 5 11 124 61 20 54 31 58 124 124 124 124 124 23 124 124 7 10 6 12 9 124 124
3 4 5 11 124 36 20 41 13 124 124 124 124 124 124 30 124 124 7 124 6 12 124 124 124
3 4 5 11 124 59 20 63 13 124 124 124 124 124 124 23 124 124 7 10 6 12 9 124 124
3 4 5 124 124 22 8 119 24 124 124 124 124 124 27 21 124 124 124 124 124 3 124 124 124
3 4 5 11 124 33 20 34 13 124 124 124 124 124 124 23 124 124 7 10 6 12 9 124 124
3 4 5 11 124 57 20 55 13 124 124 124 124 124 124 23 124 124 7 10 6 12 9 124 124
3 4 5 124 124 22 8 82 13 124 124 124 124 124 27 21 124 124 124 124 124 3 124 124 124
3 4 5 11 124 32 20 47 13 124 124 124 124 124 124 23 124 124 7 10 6 29 9 124 124
3 4 5 11 124 51 20 50 13 124 124 124 124 124 124 23 124 124 7 10 6 29 9 124 124
3 4 5 124 124 22 8 110 13 124 124 124 124 124 111 21 124 124 124 124 124 3 124 124 124
3 4 5 124 124 22 8 73 13 124 124 124 124 124 28 21 124 124 124 124 124 3 124 124 124
3 4 5 11 124 40 20 53 13 124 124 124 124 124 124 23 124 124 7 10 6 12 9 124 124
3 4 5 11 124 51 20 50 13 124 124 124 124 124 124 23 124 124 7 10 6 29 9 124 124
3 4 5 11 124 61 20 54 31 58 124 124 124 124 124 23 124 124 7 10 6 12 9 124 124
3 4 5 11 124 36 20 41 13 124 124 124 124 124 124 30 124 124 7 124 6 12 124 124 124
3 4 5 124 124 22 8 120 24 124 124 124 124 124 42 21 124 124 124 124 124 3 124 124 124
3 4 5 124 124 22 8 76 24 124 124 124 124 124 75 21 124 124 124 124 124 3 124 124 124
3 4 5 11 124 32 20 47 13 124 124 124 124 124 124 23 124 124 7 10 6 29 9 124 124
3 4 5 11 124 65 20 39 13 124 124 124 124 124 124 23 124 124 7 10 6 12 9 124 124
3 4 5 124 124 22 8 116 13 124 124 124 124 124 46 21 124 124 124 124 124 3 124 124 124
3 4 5 11 124 35 20 37 13 124 124 124 124 124 124 23 124 124 7 10 6 12 9 124 124
3 4 5 124 124 22 8 71 24 124 124 124 124 124 42 21 124 124 124 124 124 3 124 124 124
3 4 5 11 124 93 20 94 13 124 124 124 124 124 124 23 124 124 7 10 6 12 9 124 124
3 4 5 11 124 65 20 39 13 124 124 124 124 124 124 23 124 124 7 10 6 12 9 124 124
3 4 124 26 124 15 8 86 13 124 124 124 124 124 124 124 124 124 7 10 6 25 9 124 124
3 4 5 124 124 22 8 122 24 124 124 124 124 124 28 21 124 124 124 124 124 3 124 124 124
3 4 5 11 124 32 20 47 13 124 124 124 124 124 124 23 124 124 7 10 6 29 9 124 124
3 4 5 11 124 35 20 37 13 124 124 124 124 124 124 23 124 124 7 10 6 12 9 124 124
3 4 5 124 124 22 8 122 24 124 124 124 124 124 28 21 124 124 124 124 124 3 124 124 124
3 4 5 11 124 57 20 55 13 124 124 124 124 124 124 23 124 124 7 10 6 12 9 124 124
3 4 5 11 124 33 20 34 13 124 124 124 124 124 124 30 124 124 7 124 6 12 124 124 124
3 4 5 11 124 65 20 39 13 124 124 124 124 124 124 23 124 124 7 10 6 12 9 124 124
3 4 124 26 124 15 8 88 13 124 124 124 124 124 124 124 124 124 7 10 6 25 9 124 124
3 4 5 124 124 22 8 76 24 124 124 124 124 124 75 21 124 124 124 124 124 3 124 124 124
3 4 5 124 124 22 8 118 13 124 124 124 124 124 46 21 124 124 124 124 124 3 124 124 124
3 4 5 11 124 40 20 53 13 124 124 124 124 124 124 23 124 124 7 10 6 12 9 124 124
3 4 5 124 124 22 8 66 13 124 124 124 124 124 27 21 124 124 124 124 124 3 124 124 124
3 4 5 11 124 35 20 37 13 124 124 124 124 124 124 23 124 124 7 10 6 12 9 124 124
3 4 5 11 124 59 20 63 13 124 124 124 124 124 124 23 124 124 7 10 6 12 9 124 124
3 4 5 11 124 45 20 44 13 124 124 124 124 124 124 23 124 124 7 10 6 29 9 124 124
3 4 5 124 124 22 8 78 13 124 124 124 124 124 27 21 124 124 124 124 124 3 124 124 124
3 4 124 26 124 15 8 115 13 124 124 124 124 124 124 124 124 124 7 10 6 25 9 124 124
3 4 124 26 124 15 8 86 13 124 124 124 124 124 124 124 124 124 7 10 6 25 9 124 124
3 4 5 11 124 95 20 96 13 124 124 124 124 124 124 23 124 124 7 10 6 12 9 124 124
3 4 5 124 124 22 8 114 24 124 124 124 124 124 124 21 124 124 124 124 124 3 124 124 124
3 4 5 124 124 22 8 71 24 124 124 124 124 124 42 21 124 124 124 124 124 3 124 124 124
3 4 124 26 124 15 8 88 13 124 124 124 124 124 124 124 124 124 7 10 6 25 9 124 124
3 4 5 124 124 22 8 113 13 124 124 124 124 124 77 21 124 124 124 124 124 3 124 124 124
3 4 5 124 124 22 8 102 13 124 124 124 124 124 27 21 124 124 124 124 124 3 124 124 124
3 4 5 11 124 40 20 53 13 124 124 124 124 124 124 23 124 124 7 10 6 12 9 124 124
3 4 5 124 124 22 8 68 24 124 124 124 124 124 67 21 124 124 124 124 124 3 124 124 124
3 4 5 124 124 36 20 41 56 60 124 124 124 124 124 30 124 124 124 124 124 12 124 124 124
3 4 5 11 124 64 20 62 13 124 124 124 124 124 124 23 124 124 7 10 6 12 9 124 124
3 4 5 124 124 22 8 80 13 124 124 124 124 124 28 21 124 124 124 124 124 3 124 124 124
3 4 5 124 124 22 8 73 13 124 124 124 124 124 28 21 124 124 124 124 124 3 124 124 124
3 4 5 124 124 22 8 78 13 124 124 124 124 124 27 21 124 124 124 124 124 3 124 124 124
3 4 5 124 124 22 8 73 13 124 124 124 124 124 28 21 124 124 124 124 124 3 124 124 124
3 4 5 124 124 22 8 69 13 124 124 124 124 124 28 21 124 124 124 124 124 3 124 124 124
3 4 5 124 124 22 8 90 24 124 124 124 124 124 27 21 124 124 124 124 124 3 124 124 124
3 4 124 26 124 15 8 91 13 124 124 124 124 124 124 124 124 124 7 10 6 25 9 124 124
3 4 5 124 124 22 8 69 13 124 124 124 124 124 28 21 124 124 124 124 124 3 124 124 124
3 4 5 11 124 61 20 54 31 58 124 124 124 124 124 23 124 124 7 10 6 12 9 124 124
3 4 5 11 124 95 20 96 13 124 124 124 124 124 124 23 124 124 7 10 6 12 9 124 124
3 4 5 124 124 22 8 121 24 124 124 124 124 124 27 21 124 124 124 124 124 3 124 124 124
3 4 5 124 124 36 20 41 56 60 124 124 124 124 124 30 124 124 124 124 124 12 124 124 124
3 4 5 11 124 65 20 39 13 124 124 124 124 124 124 23 124 124 7 10 6 12 9 124 124
3 4 124 26 124 15 8 87 13 124 124 124 124 124 124 124 124 124 7 10 6 25 9 124 124
3 4 5 124 124 22 8 114 24 124 124 124 124 124 124 21 124 124 124 124 124 3 124 124 124
3 4 5 11 124 64 20 62 13 124 124 124 124 124 124 23 124 124 7 10 6 12 9 124 124
3 4 5 124 124 22 8 70 13 124 124 124 124 124 38 21 124 124 124 124 124 3 124 124 124
3 4 5 124 124 22 8 72 13 124 124 124 124 124 28 21 124 124 124 124 124 3 124 124 124
3 4 5 11 124 61 20 54 31 58 124 124 124 124 124 23 124 124 7 10 6 12 9 124 124
3 4 5 124 124 22 8 114 24 124 124 124 124 124 124 21 124 124 124 124 124 3 124 124 124
3 4 5 124 124 22 8 104 13 124 124 124 124 124 105 21 124 124 124 124 124 3 124 124 124
3 4 5 124 124 22 8 116 13 124 124 124 124 124 46 21 124 124 124 124 124 3 124 124 124
3 4 5 11 124 97 20 98 13 124 124 124 124 124 124 23 124 124 7 10 6 12 9 124 124
3 4 5 11 124 35 20 37 13 124 124 124 124 124 124 23 124 124 7 10 6 12 9 124 124
3 4 5 11 124 51 20 50 13 124 124 124 124 124 124 23 124 124 7 10 6 29 9 124 124
3 4 5 124 124 22 8 100 13 124 124 124 124 124 38 21 124 124 124 124 124 3 124 124 124
3 4 5 124 124 22 8 72 13 124 124 124 124 124 28 21 124 124 124 124 124 3 124 124 124
3 4 5 11 124 59 20 63 13 124 124 124 124 124 124 23 124 124 7 10 6 12 9 124 124
3 4 5 11 124 35 20 37 13 124 124 124 124 124 124 23 124 124 7 10 6 12 9 124 124
3 4 5 124 124 22 8 104 13 124 124 124 124 124 105 21 124 124 124 124 124 3 124 124 124
3 4 5 124 124 22 8 110 13 124 124 124 124 124 111 21 124 124 124 124 124 3 124 124 124
3 4 5 124 124 22 8 108 13 124 124 124 124 124 109 21 124 124 124 124 124 3 124 124 124
3 4 5 124 124 22 8 121 24 124 124 124 124 124 27 21 124 124 124 124 124 3 124 124 124
3 4 5 11 124 64 20 62 13 124 124 124 124 124 124 23 124 124 7 10 6 12 9 124 124
3 4 5 11 124 95 20 96 13 124 124 124 124 124 124 23 124 124 7 10 6 12 9 124 124
3 4 5 11 124 35 20 37 13 124 124 124 124 124 124 23 124 124 7 10 6 12 9 124 124
3 4 5 11 124 33 20 34 13 124 124 124 124 124 124 23 124 124 7 10 6 12 9 124 124
3 4 5 11 124 61 20 54 31 58 124 124 124 124 124 23 124 124 7 10 6 12 9 124 124
3 4 5 11 124 51 20 50 13 124 124 124 124 124 124 23 124 124 7 10 6 29 9 124 124
3 4 5 124 124 22 8 113 13 124 124 124 124 124 77 21 124 124 124 124 124 3 124 124 124
3 4 5 11 124 52 20 49 31 48 124 124 124 124 124 23 124 124 7 10 6 12 9 124 124
3 4 5 124 124 22 8 71 24 124 124 124 124 124 42 21 124 124 124 124 124 3 124 124 124
3 4 5 11 124 57 20 55 13 124 124 124 124 124 124 23 124 124 7 10 6 12 9 124 124
3 4 5 124 124 22 8 102 13 124 124 124 124 124 27 21 124 124 124 124 124 3 124 124 124
3 4 5 11 124 52 20 49 31 48 124 124 124 124 124 23 124 124 7 10 6 12 9 124 124
3 4 5 11 124 95 20 96 13 124 124 124 124 124 124 23 124 124 7 10 6 12 9 124 124
3 4 5 124 124 22 8 81 13 124 124 124 124 124 27 21 124 124 124 124 124 3 124 124 124
3 4 5 11 124 40 20 53 13 124 124 124 124 124 124 23 124 124 7 10 6 12 9 124 124
